-2.157896799355991657e-01 3.726091502522291155e+00 0.000000000000000000e+00
-1.422734486201170157e+00 2.530537701843043941e+00 0.000000000000000000e+00
-9.413603727677560817e-01 3.124834598104794470e+00 0.000000000000000000e+00
-8.232603727677560990e-01 3.224834598104794559e+00 0.000000000000000000e+00
-3.781690433851823130e-01 3.490253209785764810e+00 0.000000000000000000e+00
-2.326657454079681386e-01 3.857967421432349830e+00 0.000000000000000000e+00
-4.242927381798229369e-01 3.674947228311915115e+00 0.000000000000000000e+00
-8.479844771207483145e-01 3.135950255617604210e+00 0.000000000000000000e+00
-4.298945815768457912e-01 3.177305976447978075e+00 0.000000000000000000e+00
-3.130842384628165220e-01 3.176045808009175797e+00 0.000000000000000000e+00
-1.553182293237149736e+00 1.886816737697103896e+00 0.000000000000000000e+00
-5.998774013997987264e-01 3.521038750592003996e+00 0.000000000000000000e+00
-4.891553917805597784e-01 3.668666603967097650e+00 0.000000000000000000e+00
-1.916272208831257817e+00 2.094257733163588764e+00 0.000000000000000000e+00
-4.118150716139974410e-01 3.699337438576505654e+00 0.000000000000000000e+00
-8.857431496903714896e-01 3.929001714611505047e+00 0.000000000000000000e+00
-6.309164795737134401e-01 3.547230290051905932e+00 0.000000000000000000e+00
-6.995693537076077551e-01 3.121351478702759863e+00 0.000000000000000000e+00
-4.693548316094271478e-01 3.486649846410149856e+00 0.000000000000000000e+00
-1.589477622205047957e+00 2.783114402499025086e+00 0.000000000000000000e+00
-2.115285407714984078e-01 3.870564526764517677e+00 0.000000000000000000e+00
-4.134000841699210227e-01 3.814849891538432125e+00 0.000000000000000000e+00
-9.708006876135663044e-01 2.921482604802582816e+00 1.000000000000000000e+00
-1.106788482099805293e+00 2.801840129752718234e+00 1.000000000000000000e+00
-8.870452101824671809e-01 2.813413302967540996e+00 1.000000000000000000e+00
-8.548997174970276447e-01 2.763640191488085041e+00 1.000000000000000000e+00
-9.753242269325597125e-01 2.788829685224109234e+00 1.000000000000000000e+00
-8.269642698774866130e-01 2.803856394314953704e+00 1.000000000000000000e+00
-1.042171949568077904e+00 2.894968268099474606e+00 1.000000000000000000e+00
-9.020217420675804565e-01 2.669475196227103275e+00 1.000000000000000000e+00
-1.036657900201712001e+00 2.816223348414586436e+00 1.000000000000000000e+00
-1.096102442372149044e+00 2.889317864344422837e+00 1.000000000000000000e+00
-1.024860625523269286e+00 2.680341457558464757e+00 1.000000000000000000e+00
