1.431837249562466496e+00 5.593470715582728126e+00 0.000000000000000000e+00
1.418704444610737525e+00 5.479356649014819780e+00 0.000000000000000000e+00
1.065470029764806759e+00 5.178486971193654753e+00 0.000000000000000000e+00
7.216158767610036939e-01 4.231521857962450284e+00 0.000000000000000000e+00
2.711968724732002123e+00 7.024844433553786516e+00 0.000000000000000000e+00
1.128133892298322616e+00 5.342230635209985756e+00 0.000000000000000000e+00
1.158142733610514563e+00 5.548452799182360451e+00 0.000000000000000000e+00
2.636576281413799627e+00 6.705029165783480849e+00 0.000000000000000000e+00
6.743741791246314898e-01 4.740728111435594805e+00 0.000000000000000000e+00
4.760542937741800706e-01 4.362618652551024212e+00 0.000000000000000000e+00
-2.157896799355991657e-01 3.726091502522291155e+00 0.000000000000000000e+00
3.513056873249593703e-01 4.716787576647059943e+00 0.000000000000000000e+00
1.126981138135285665e+00 5.107341573021385805e+00 0.000000000000000000e+00
2.239092851939793682e+00 6.486551817475494808e+00 0.000000000000000000e+00
2.021757238431004744e+00 6.190602944014104381e+00 0.000000000000000000e+00
1.399787860963497499e+00 6.114620711065428260e+00 0.000000000000000000e+00
1.602892644457766691e+00 5.551209463448230963e+00 0.000000000000000000e+00
1.359541562060066155e+00 5.111094848449474704e+00 0.000000000000000000e+00
2.013781060889713537e+00 5.624740565559620542e+00 0.000000000000000000e+00
5.551841027112831561e-01 4.770918966952606866e+00 0.000000000000000000e+00
2.429911391571516699e+00 6.288059315260287718e+00 0.000000000000000000e+00
1.130870405826104985e+00 5.168528353375525519e+00 0.000000000000000000e+00
2.298403184337044713e+00 5.924641047519943804e+00 0.000000000000000000e+00
2.438865288671345333e+00 6.425773473256226609e+00 0.000000000000000000e+00
1.658585873870966010e+00 5.976831593707247592e+00 0.000000000000000000e+00
-1.422734486201170157e+00 2.530537701843043941e+00 0.000000000000000000e+00
1.157494609632692129e-01 3.934033094881860038e+00 0.000000000000000000e+00
-1.015930233560022877e-01 3.620111898580495868e+00 0.000000000000000000e+00
6.624755292225843473e-01 5.399509276305241912e+00 0.000000000000000000e+00
9.128265979522314666e-01 3.208830723180455884e+00 0.000000000000000000e+00
8.713603727677561306e-01 5.274834598104794381e+00 0.000000000000000000e+00
-9.413603727677561306e-01 3.124834598104794381e+00 0.000000000000000000e+00
-8.232603727677561306e-01 3.224834598104794381e+00 0.000000000000000000e+00
9.325886915797366239e-01 3.296458927254708726e+00 0.000000000000000000e+00
7.883128323672438098e-01 4.787307371825463065e+00 0.000000000000000000e+00
1.186315908637727956e+00 4.783219453416704070e+00 0.000000000000000000e+00
1.134153219818664349e+00 5.324173574386883878e+00 0.000000000000000000e+00
2.531862649227271778e+00 6.208149431549236041e+00 0.000000000000000000e+00
9.502306496027342897e-01 4.196096376147989027e+00 0.000000000000000000e+00
4.686596154838686967e-01 4.530229827009334187e+00 0.000000000000000000e+00
1.722688384750824531e-01 4.237104649209338270e+00 0.000000000000000000e+00
3.314798404862111525e+00 7.004358668302376856e+00 0.000000000000000000e+00
1.724196510534785176e+00 5.924858486639781319e+00 0.000000000000000000e+00
2.390557714509134346e+00 6.084963533629156984e+00 0.000000000000000000e+00
1.476974171986686901e+00 6.239053406375694166e+00 0.000000000000000000e+00
9.794330328964262478e-02 3.570373860020768397e+00 0.000000000000000000e+00
-3.781690433851823130e-01 3.490253209785764810e+00 0.000000000000000000e+00
2.392862120793734171e+00 6.364571432806519269e+00 0.000000000000000000e+00
3.895620830604462181e+00 8.017053525429007621e+00 0.000000000000000000e+00
1.666215961861358785e+00 5.693268070056300978e+00 0.000000000000000000e+00
3.127083315692721577e+00 6.896070343689472359e+00 0.000000000000000000e+00
1.212518736561406740e+00 5.062582354146443642e+00 0.000000000000000000e+00
1.022837416896650975e+00 4.736019448102801732e+00 0.000000000000000000e+00
-2.326657454079681386e-01 3.857967421432349830e+00 0.000000000000000000e+00
1.561675250321974406e+00 6.006000721520432961e+00 0.000000000000000000e+00
7.861040360802236115e-01 4.729456538165124790e+00 0.000000000000000000e+00
8.133201327003007908e-01 4.831577209509704041e+00 0.000000000000000000e+00
-4.242927381798229369e-01 3.674947228311915115e+00 0.000000000000000000e+00
2.853947610755043662e+00 6.518134208547614605e+00 0.000000000000000000e+00
1.886326712999016220e+00 5.905736802876551117e+00 0.000000000000000000e+00
3.792031128872134227e-01 3.659379077542928904e+00 0.000000000000000000e+00
1.519221542170026584e+00 5.868354930134768388e+00 0.000000000000000000e+00
-8.479844771207483145e-01 3.135950255617604210e+00 0.000000000000000000e+00
1.317925727774539979e+00 5.281325646084924053e+00 0.000000000000000000e+00
1.003774881443187716e+00 5.361710421853992159e+00 0.000000000000000000e+00
2.115574193953674076e+00 5.920573808481695899e+00 0.000000000000000000e+00
1.178264692680014880e+00 4.960555941317977613e+00 0.000000000000000000e+00
4.259214834480838929e-01 4.749895434530490235e+00 0.000000000000000000e+00
1.351948249384679723e+00 5.454299064346356474e+00 0.000000000000000000e+00
-2.350400222673232342e-02 3.944787696798156773e+00 0.000000000000000000e+00
2.263255579561557429e+00 6.056000612344970335e+00 0.000000000000000000e+00
-4.298945815768457912e-01 3.177305976447978075e+00 0.000000000000000000e+00
5.432793065946779354e-01 4.722298967753140175e+00 0.000000000000000000e+00
1.106709718376509333e+00 4.743068395563848405e+00 0.000000000000000000e+00
2.043457268073060717e+00 6.542905476269663900e+00 0.000000000000000000e+00
1.043769901570761549e+00 4.899420454063225350e+00 0.000000000000000000e+00
2.412925921482617753e+00 6.435209726967702437e+00 0.000000000000000000e+00
5.132025245783478073e-01 4.678872930258020979e+00 0.000000000000000000e+00
1.838002118562380049e+00 5.653530203421102129e+00 0.000000000000000000e+00
3.492591102915016954e-01 4.445110514122761813e+00 0.000000000000000000e+00
1.210783094966191298e+00 5.487516655607228344e+00 0.000000000000000000e+00
4.003833171980655692e+00 8.422718913217345005e+00 0.000000000000000000e+00
5.561149628198940320e-01 4.714052551635259825e+00 0.000000000000000000e+00
8.450947235913541800e-02 4.288915592246425490e+00 0.000000000000000000e+00
1.474956567141568975e+00 5.354366901744036511e+00 0.000000000000000000e+00
8.358286820306588538e-01 5.322464088706911234e+00 0.000000000000000000e+00
1.635123431988785292e+00 5.313073110453889747e+00 0.000000000000000000e+00
1.444190438971668655e-01 3.999380513574739560e+00 0.000000000000000000e+00
1.872237294339903713e+00 6.198653461473260684e+00 0.000000000000000000e+00
1.155332848432296888e+00 5.565015267952611033e+00 0.000000000000000000e+00
1.469674004199795991e+00 5.458449260438919204e+00 0.000000000000000000e+00
-3.495791774222278825e-02 3.747532200675163683e+00 0.000000000000000000e+00
1.378482576103629231e+00 5.686263015957981892e+00 0.000000000000000000e+00
1.547440117551280636e+00 5.906688315571213543e+00 0.000000000000000000e+00
-3.130842384628165220e-01 3.176045808009175797e+00 0.000000000000000000e+00
1.230681426524272259e+00 4.531189944629224975e+00 0.000000000000000000e+00
1.662689525634292398e+00 5.844249810949423640e+00 0.000000000000000000e+00
1.227562855375401885e+00 5.356614551390037171e+00 0.000000000000000000e+00
1.777919502747113745e+00 5.945018520498913439e+00 0.000000000000000000e+00
9.802965201942073215e-01 5.165903485067141254e+00 0.000000000000000000e+00
1.990027875367338162e+00 5.713312294678406289e+00 0.000000000000000000e+00
8.298060569024046096e-03 4.366431553172020585e+00 0.000000000000000000e+00
4.923214037892059691e-01 4.546307721834097038e+00 0.000000000000000000e+00
-1.553182293237149736e+00 1.886816737697103896e+00 0.000000000000000000e+00
2.847871296724277634e+00 7.620744449431476220e+00 0.000000000000000000e+00
1.104254091049071462e+00 5.026363096976393940e+00 0.000000000000000000e+00
1.158531548462629290e+00 5.027508071426407099e+00 0.000000000000000000e+00
-5.998774013997987264e-01 3.521038750592003996e+00 0.000000000000000000e+00
2.712014747742905740e-01 4.053283695980379520e+00 0.000000000000000000e+00
2.288649367027935533e+00 6.205669321836810859e+00 0.000000000000000000e+00
2.567679706542874030e+00 6.359050896972137323e+00 0.000000000000000000e+00
7.508677376330122888e-01 4.370294199298303539e+00 0.000000000000000000e+00
1.793360841509854531e-01 4.141233170971191591e+00 0.000000000000000000e+00
7.400666124874830665e-01 5.166657530050627223e+00 0.000000000000000000e+00
1.336481380824961374e+00 5.170852503471113693e+00 0.000000000000000000e+00
9.998626448743392903e-01 5.171139030935226977e+00 0.000000000000000000e+00
9.730745338843526104e-01 4.556305691146443237e+00 0.000000000000000000e+00
1.939388589366807913e+00 5.607265701201656682e+00 0.000000000000000000e+00
1.955764719981326394e+00 5.889452788168566322e+00 0.000000000000000000e+00
5.836406623292531570e-01 4.761894114690002233e+00 0.000000000000000000e+00
-9.332680835020923382e-03 3.762253164750318568e+00 0.000000000000000000e+00
2.064771782368203468e+00 5.925399300758219745e+00 0.000000000000000000e+00
-4.891553917805597784e-01 3.668666603967097650e+00 0.000000000000000000e+00
1.607947575883962532e+00 5.380318399767399562e+00 0.000000000000000000e+00
1.140745722374426396e+00 5.544724341686576352e+00 0.000000000000000000e+00
3.329327677664996044e-01 3.993813963563054958e+00 0.000000000000000000e+00
1.116613564340630527e+00 5.433542050789633038e+00 0.000000000000000000e+00
-1.916272208831257817e+00 2.094257733163588764e+00 0.000000000000000000e+00
-4.118150716139974410e-01 3.699337438576505654e+00 0.000000000000000000e+00
-8.857431496903715029e-01 3.929001714611504870e+00 0.000000000000000000e+00
1.986732366215556045e+00 5.772963820515120581e+00 0.000000000000000000e+00
2.523265861238397356e-01 4.317711810565272756e+00 0.000000000000000000e+00
1.101882725838440713e+00 5.107371050535180146e+00 0.000000000000000000e+00
2.388163272391440106e+00 6.396168300196505285e+00 0.000000000000000000e+00
3.858930540931432285e-01 4.675045056173964042e+00 0.000000000000000000e+00
3.129546499353285105e-01 4.489622447711296260e+00 0.000000000000000000e+00
4.923351243448566006e-01 4.403551165072784102e+00 0.000000000000000000e+00
2.269744634953199114e+00 6.214021263941390316e+00 0.000000000000000000e+00
2.586865775042488824e+00 7.206026111319934202e+00 0.000000000000000000e+00
4.372129797809758411e-01 4.475444781018324214e+00 0.000000000000000000e+00
1.868682324536337314e+00 6.156575795587102107e+00 0.000000000000000000e+00
9.154506249024612075e-01 4.898181408640192913e+00 0.000000000000000000e+00
1.861196640027134475e+00 5.804215446316388416e+00 0.000000000000000000e+00
1.033083406512141922e+00 4.939478020364322042e+00 0.000000000000000000e+00
-6.309164795737134401e-01 3.547230290051905932e+00 0.000000000000000000e+00
2.136475127569482435e+00 6.134765620991557533e+00 0.000000000000000000e+00
2.148502466149500023e+00 6.726880498805906328e+00 0.000000000000000000e+00
-6.995693537076077551e-01 3.121351478702759863e+00 0.000000000000000000e+00
1.303997776995410751e+00 5.704556658132045044e+00 0.000000000000000000e+00
4.670367971269614449e-01 4.136628784439260187e+00 0.000000000000000000e+00
1.741889543752656033e+00 5.944356118981740877e+00 0.000000000000000000e+00
-4.693548316094271478e-01 3.486649846410149856e+00 0.000000000000000000e+00
-6.994699553636429812e-02 3.616598063698141630e+00 0.000000000000000000e+00
8.443575825775899713e-01 4.962947160519949108e+00 0.000000000000000000e+00
1.011812581260461696e+00 4.580194002098776807e+00 0.000000000000000000e+00
1.213146523008555855e+00 5.129387621692536925e+00 0.000000000000000000e+00
1.376678377708122625e+00 5.574604692033776843e+00 0.000000000000000000e+00
6.114753120779194973e-01 4.055259254561456750e+00 0.000000000000000000e+00
-1.193347320124102939e-01 3.489502602820845567e+00 0.000000000000000000e+00
2.090262426270785401e+00 5.879214294299485388e+00 0.000000000000000000e+00
9.222949180712779471e-01 4.516222353195097128e+00 0.000000000000000000e+00
9.764185001447582835e-01 4.643011488015978294e+00 0.000000000000000000e+00
2.170103246112520701e+00 6.065664180952404116e+00 0.000000000000000000e+00
1.588959154085317849e+00 5.489985086817961601e+00 0.000000000000000000e+00
1.000135736558046551e-01 3.662202137507918565e+00 0.000000000000000000e+00
8.632950803041146148e-01 5.034533822276921811e+00 0.000000000000000000e+00
1.242249126128291747e+00 5.142193402275454517e+00 0.000000000000000000e+00
-1.039585999217429446e-01 3.803614043971961678e+00 0.000000000000000000e+00
1.227162224813200142e+00 5.346077507531351358e+00 0.000000000000000000e+00
1.986428894699379999e+00 6.239978228502470969e+00 0.000000000000000000e+00
1.162131363069675460e+00 5.512903066039351430e+00 0.000000000000000000e+00
5.975435837658928939e-01 4.625749849783540313e+00 0.000000000000000000e+00
7.201849465918914728e-01 4.643668090939415904e+00 0.000000000000000000e+00
3.463098940309552454e-01 4.660593162441014847e+00 0.000000000000000000e+00
1.437504644036508239e+00 4.602557112604107381e+00 0.000000000000000000e+00
7.149616313503237564e-01 4.650799659260817620e+00 0.000000000000000000e+00
1.058100198777514933e+00 4.836288396329252670e+00 0.000000000000000000e+00
1.338460724346211883e+00 4.923861632375860609e+00 0.000000000000000000e+00
-1.589477622205047957e+00 2.783114402499025086e+00 0.000000000000000000e+00
2.215741766590358708e+00 6.416464811296004100e+00 0.000000000000000000e+00
9.229326144802371124e-01 5.121437724569152472e+00 0.000000000000000000e+00
2.379499210623244876e-01 4.270052569165908807e+00 0.000000000000000000e+00
-2.115285407714984078e-01 3.870564526764517677e+00 0.000000000000000000e+00
1.194256976108695634e+00 5.119558161550024522e+00 0.000000000000000000e+00
1.344267530868694660e+00 5.602842361279491534e+00 0.000000000000000000e+00
9.474129965308197843e-01 5.017891983331805861e+00 0.000000000000000000e+00
1.097032948477416170e+00 5.506337552250324840e+00 0.000000000000000000e+00
1.179649719070237524e+00 5.429288775741349937e+00 0.000000000000000000e+00
2.240194971338354879e+00 6.414632713491625893e+00 0.000000000000000000e+00
1.512496750534388035e+00 5.143728156596776735e+00 0.000000000000000000e+00
-1.562464076544995972e-01 4.175004459015819513e+00 0.000000000000000000e+00
1.213230503025505502e+00 4.581627525196410033e+00 0.000000000000000000e+00
2.602179507873802145e+00 6.862865794566127775e+00 0.000000000000000000e+00
3.446855396002753702e-01 4.369392879846293987e+00 0.000000000000000000e+00
7.847220500126879106e-01 4.673838606367404225e+00 0.000000000000000000e+00
1.510246078149636739e+00 5.297469828121461610e+00 0.000000000000000000e+00
1.359094269003550348e+00 5.511164105241906697e+00 0.000000000000000000e+00
1.153772997363569086e+00 6.234188984449534843e+00 0.000000000000000000e+00
9.488230231295000650e-01 3.992194437341011870e+00 0.000000000000000000e+00
-4.134000841699210227e-01 3.814849891538432125e+00 0.000000000000000000e+00
-9.708006876135663488e-01 2.921482604802582816e+00 1.000000000000000000e+00
-1.106788482099805293e+00 2.801840129752718234e+00 1.000000000000000000e+00
-8.870452101824671809e-01 2.813413302967540996e+00 1.000000000000000000e+00
-8.548997174970276447e-01 2.763640191488085041e+00 1.000000000000000000e+00
-9.753242269325597125e-01 2.788829685224109234e+00 1.000000000000000000e+00
-8.269642698774866130e-01 2.803856394314953704e+00 1.000000000000000000e+00
-1.042171949568077940e+00 2.894968268099474606e+00 1.000000000000000000e+00
-9.020217420675804565e-01 2.669475196227103186e+00 1.000000000000000000e+00
-1.036657900201711951e+00 2.816223348414586436e+00 1.000000000000000000e+00
-1.096102442372148955e+00 2.889317864344422837e+00 1.000000000000000000e+00
-1.024860625523269286e+00 2.680341457558464757e+00 1.000000000000000000e+00
