4.542241376121658902e+00 -4.298860639692258623e+00 1.913484545433046247e+00 2.000000000000000000e+00
5.036239844138636457e+00 -4.001315055674620424e+00 1.959399330529214112e+01 2.000000000000000000e+00
4.860885994422466716e+00 -4.019742471738157796e+00 7.576031436559713228e+00 2.000000000000000000e+00
4.843897348513394263e+00 -4.975007328573835430e+00 1.750429389822916448e+01 2.000000000000000000e+00
5.491048408333668363e+00 -4.405811568263556133e+00 8.976328498267669431e+00 2.000000000000000000e+00
4.529036030799268531e+00 -5.667907533227941386e+00 1.431463333096533574e+01 2.000000000000000000e+00
4.530405787370577642e+00 -4.328298877508175657e+00 7.532629857925243755e-01 2.000000000000000000e+00
4.639830037523681838e+00 -4.846810608444735102e+00 3.270363710448833672e+00 2.000000000000000000e+00
5.490448437069927579e+00 -5.402735769289703782e+00 9.211900810665367700e+00 2.000000000000000000e+00
5.499649832584906584e+00 -5.518709484169122881e+00 9.905992533006882539e+00 2.000000000000000000e+00
4.722556689175021027e+00 -4.915962990274945099e+00 1.626726890588936669e+01 2.000000000000000000e+00
5.003362206638459320e+00 -5.999988695438727149e+00 1.835277733239102815e+01 2.000000000000000000e+00
5.499987717364095197e+00 -5.503504637647678166e+00 1.844727119753380862e+01 2.000000000000000000e+00
5.411371615034100024e+00 -4.215793394967259466e+00 8.545646578437365193e+00 2.000000000000000000e+00
5.248451800704301284e+00 -5.933902872457409217e+00 9.676215191239869284e+00 2.000000000000000000e+00
5.316502152668032721e+00 -4.112925863229663470e+00 3.649557096012752133e+00 2.000000000000000000e+00
4.665500723120292292e+00 -4.128368147534481558e+00 6.334690207376669768e+00 2.000000000000000000e+00
5.293643954489613890e+00 -5.095310949009363988e+00 1.488994231246884858e+01 2.000000000000000000e+00
4.512255547606883077e+00 -5.610024311675822162e+00 1.416871116453449275e+01 2.000000000000000000e+00
4.638528588165129918e+00 -4.845453930975037515e+00 1.778733269426143693e+01 2.000000000000000000e+00
2.877846932862930807e+00 -8.699235875822397546e-01 1.344897459073878743e+01 5.000000000000000000e+00
1.492954875900627032e+00 -2.779322348313609581e+00 1.072999875556969940e+01 5.000000000000000000e+00
6.714990939005309301e+00 -1.756043016407401236e+00 1.522101950831008921e+01 5.000000000000000000e+00
-9.385249736731909875e-01 -8.918066899620535892e-01 8.922959215874431749e+00 5.000000000000000000e+00
2.124853095778056034e+00 -3.490396616469319646e+00 2.358297476406210347e+00 5.000000000000000000e+00
-1.752372632372665717e-01 6.718339298160330486e+00 6.461580946254459334e+00 5.000000000000000000e+00
4.463851343002415817e+00 2.436724196593274883e+00 1.259986776964521660e+01 5.000000000000000000e+00
-4.232662936822029209e-01 5.683681186187107270e-01 1.633063431555456546e+01 5.000000000000000000e+00
-8.737515830570561359e-01 -4.159537248836338463e+00 4.052553140458002190e+00 5.000000000000000000e+00
1.520877250619423693e+00 1.828325762061993043e+00 1.223477821912550922e+01 5.000000000000000000e+00
2.578185484458106025e+00 2.919979032906951488e+00 4.927953922876704418e+00 5.000000000000000000e+00
2.140762382065479308e+00 -3.597648575877490651e-01 1.989388025995841858e+01 5.000000000000000000e+00
-1.380781978097014306e+00 -1.401555456177844716e+00 1.255283270241810456e+01 5.000000000000000000e+00
1.548949678587951961e+00 6.207442519448829188e+00 2.940745336823777922e+00 5.000000000000000000e+00
-4.458721773746303185e+00 1.328356946703118435e+00 4.215734214984674821e+00 5.000000000000000000e+00
-2.322507692228739096e+00 -5.198798534965324292e-01 4.126223119365302061e-01 5.000000000000000000e+00
-1.151047584534167667e+00 -1.936075680167505420e+00 1.950735244394824619e+01 5.000000000000000000e+00
2.305688017070240403e-01 6.462903864952898036e-01 1.424658046718023918e+01 5.000000000000000000e+00
2.767254221844225981e+00 5.180752899444570486e-02 9.952877100197206062e+00 5.000000000000000000e+00
-6.168419340347987223e+00 -2.540576652259450618e+00 1.072010678680110907e+01 5.000000000000000000e+00
1.147545025245190753e-01 4.760042617121305497e+00 1.791892998129315373e+01 5.000000000000000000e+00
2.879248586051247116e+00 3.477575376697521925e+00 1.321206488003592128e+01 5.000000000000000000e+00
-1.170686751059794029e-01 -2.196868069937864210e+00 1.832748357646106285e+01 5.000000000000000000e+00
4.452866561042333693e+00 1.207144462717874234e+00 8.511319572588574189e+00 5.000000000000000000e+00
-2.803881952620006945e+00 -4.354581529971984111e+00 6.385519207737322844e+00 5.000000000000000000e+00
2.724085660572874268e+00 -2.552239526240302148e+00 1.919670809903662700e+01 5.000000000000000000e+00
-4.528349286765658732e+00 2.621918610807543626e+00 1.688902999489536327e+01 5.000000000000000000e+00
-8.571536617267329350e-02 6.433547323823360919e-01 4.709044900730832595e+00 5.000000000000000000e+00
1.004411234783382678e+00 2.733491961316760754e+00 7.474468173512079261e+00 5.000000000000000000e+00
3.112919662250956954e+00 -2.655047139492316410e-01 1.758546589448304687e+01 5.000000000000000000e+00
-3.000404055121668634e+00 -2.913791746677103944e+00 1.048291908999073030e+01 5.000000000000000000e+00
4.129538667813051234e+00 -2.243983769833713726e+00 1.498786902416287425e+01 5.000000000000000000e+00
1.420231548040033820e+00 5.819317824968122999e+00 7.670469891639308813e+00 5.000000000000000000e+00
1.712392804635348931e+00 -2.695266784088070189e+00 1.444153355041168751e+01 5.000000000000000000e+00
-2.491517969385510511e+00 9.761735277037256742e-01 8.646920427447192026e+00 5.000000000000000000e+00
3.546024378883939399e+00 8.995382384246617402e-01 1.088137440462778649e+01 5.000000000000000000e+00
5.395536942446392814e+00 -4.796233286958733188e-01 1.160484683965091079e+01 5.000000000000000000e+00
4.780520055749918562e+00 2.869661985999051090e+00 1.055045455940295440e+01 5.000000000000000000e+00
5.256216440852460536e+00 -8.529576593113419314e-01 1.520387700075893989e+01 5.000000000000000000e+00
-2.631443287934088548e+00 1.556637105160545431e+00 1.050883666817704842e+01 5.000000000000000000e+00
4.554467327543015642e+00 -2.336288428414450724e+00 1.634178707295192012e+01 5.000000000000000000e+00
-5.279693833547812964e+00 -5.416615930173569460e-01 3.528909989748370002e+00 5.000000000000000000e+00
1.358443578159009180e+00 3.756832849000790731e+00 6.818999988678360324e+00 5.000000000000000000e+00
-2.728697867020776435e+00 2.007032635103783047e+00 1.799326819774415043e+01 5.000000000000000000e+00
-3.475385654096352361e+00 -1.606770162364764332e+00 1.721273446272142493e+01 5.000000000000000000e+00
1.277381595295508765e+00 -4.592124161545943828e+00 1.659973553428114101e+01 5.000000000000000000e+00
4.526549100497072153e+00 1.352750839525571624e+00 1.819599867145009853e+01 5.000000000000000000e+00
1.913644089946365742e-02 -1.618281271773043262e+00 1.600028212297821550e+00 5.000000000000000000e+00
5.719017452334911322e-01 -1.741903370324179079e+00 1.838515635074752907e+01 5.000000000000000000e+00
2.261008594989621923e+00 -4.044483349803652317e+00 1.062717112140632025e-01 5.000000000000000000e+00
-5.840979124190227800e+00 1.159507487637611689e+00 4.932985630200659166e-01 5.000000000000000000e+00
5.532578506645677852e-01 -1.002506764323165545e+00 1.054242941593005867e+01 5.000000000000000000e+00
-1.576929329712937644e+00 2.508964256998303277e+00 1.606359182842593825e+00 5.000000000000000000e+00
5.067568354980455325e+00 3.264031364041846572e+00 9.352696076294764183e+00 5.000000000000000000e+00
-1.723202238947207698e+00 5.854853449619307426e+00 1.471383943619418311e+01 5.000000000000000000e+00
-1.611432352526696477e+00 -1.776078234925062560e+00 6.060071715332240316e+00 5.000000000000000000e+00
-2.154222208296190377e+00 4.334676797242053681e+00 1.784807230809256140e+01 5.000000000000000000e+00
8.376638637029959256e+00 -1.888360248504649785e+00 1.321585947635137614e+01 5.000000000000000000e+00
-1.513757990216261451e+00 -1.486699849590127354e+00 1.531842610926835491e+01 5.000000000000000000e+00
-2.022589112208605933e+00 2.997861082388992848e+00 1.204192965740026011e+01 5.000000000000000000e+00
-3.434150730609522917e+00 2.333947627070043662e+00 8.743063368141907432e+00 5.000000000000000000e+00
4.239626525651113420e-01 -3.303769048732634772e+00 4.995491784921075151e+00 5.000000000000000000e+00
-1.721993388912748557e+00 1.216810957655674930e+00 1.806704963220364846e+01 5.000000000000000000e+00
5.766033047432262748e+00 -3.316671163859304272e+00 8.799532975565860227e-01 5.000000000000000000e+00
3.390627929345773950e+00 2.101501086525471851e-01 1.629960554765498060e+01 5.000000000000000000e+00
2.290844571818395625e+00 3.347357160301274170e-01 3.544712507280611824e-01 5.000000000000000000e+00
-1.582465192367929596e+00 -8.277405075097091114e+00 8.881989569467201306e+00 5.000000000000000000e+00
1.418143640225227653e+00 4.117757513159046034e+00 9.040538207518718394e+00 5.000000000000000000e+00
-4.988162274475801183e+00 1.920705072006448702e-02 1.288467124678371079e+01 5.000000000000000000e+00
2.375518362669835959e+00 1.233464363325691204e+00 9.464770753711249540e+00 5.000000000000000000e+00
3.010126559420007314e-02 1.051353329743035081e+00 1.651616962759040774e+01 5.000000000000000000e+00
5.716507925302087401e+00 -1.365299799140136994e+00 5.894406498824289464e-01 5.000000000000000000e+00
-1.350057681845298951e+00 4.252268303290717699e-01 8.428456793437295147e+00 5.000000000000000000e+00
-2.010363409114829025e+00 3.274910555904410714e+00 6.165830537799088518e-01 5.000000000000000000e+00
5.141168336942384398e-01 1.259438344227420958e-01 1.122156892971011999e+01 5.000000000000000000e+00
1.084789024026063808e+00 -4.401478595439215269e+00 5.872725762634831703e+00 5.000000000000000000e+00
2.774058916095649252e+00 9.063154174259115958e-01 9.608734073555558197e+00 5.000000000000000000e+00
7.991444209040126978e+00 5.056884663773225652e-01 1.612468167286380805e+01 5.000000000000000000e+00
2.552794273836488159e+00 -4.850932361903653955e+00 1.568634203367335189e+01 5.000000000000000000e+00
1.561951372614618916e-01 2.623847544479309679e+00 1.534220499450628949e+01 5.000000000000000000e+00
-1.928617689211235553e-01 7.415840995463136576e-01 1.423118248223307347e+01 5.000000000000000000e+00
-3.448675633183752254e+00 -2.222277707694543913e+00 1.625449435696407008e+01 5.000000000000000000e+00
1.013114420595430942e-01 -4.205395571541810540e+00 7.524170215288361163e+00 5.000000000000000000e+00
-1.008178056016281743e-01 4.145690898582789607e+00 1.244141829602694038e+00 5.000000000000000000e+00
-5.611102328576646592e+00 5.208114285052451109e+00 1.459987618353198258e+01 5.000000000000000000e+00
2.629973792864717663e-01 1.852251187624618822e+00 1.890991812520346116e+01 5.000000000000000000e+00
1.971418500035623467e+00 2.823302534931864116e+00 1.769896536278326593e+01 5.000000000000000000e+00
-4.292834160064034066e+00 1.872341094950303653e+00 1.872934362831056632e+01 5.000000000000000000e+00
1.049116906006743566e+00 -9.784069118075667815e-01 1.063657546001929255e+01 5.000000000000000000e+00
-1.957636442967094936e+00 2.458074194601204132e-01 4.047427646774453436e+00 5.000000000000000000e+00
-3.099378076770209489e+00 2.447793343628513973e+00 1.754403261552537074e+01 5.000000000000000000e+00
-3.173047900182419667e+00 -3.658410403178956383e+00 7.637350212528300375e+00 5.000000000000000000e+00
4.022736203676166689e+00 -2.873776487596004348e+00 8.329978832007116196e+00 5.000000000000000000e+00
-3.993262985568951429e+00 -8.301028151393985866e+00 2.271160647224164109e+00 5.000000000000000000e+00
-4.908046100829343672e+00 -4.571309001214380885e+00 1.948082477901561660e+01 5.000000000000000000e+00
-2.358170444525184983e+00 2.941876298462780870e+00 9.859020965045974805e+00 5.000000000000000000e+00
-4.948224461004608887e-01 5.713032527897951240e+00 4.670762781659389518e+00 5.000000000000000000e+00
5.029082066744971158e+00 -1.801255951092284757e+00 1.080183737144632872e+01 5.000000000000000000e+00
4.144072403795015624e+00 -8.934259653516021249e-01 1.236145031354772428e+01 5.000000000000000000e+00
-8.611239377414852125e-01 1.127289320426352770e+00 1.838337050543177309e+00 5.000000000000000000e+00
1.553763559601878619e+00 2.945208329373826039e+00 1.766842838721715125e+01 5.000000000000000000e+00
-3.654925382922764143e+00 -3.523413502734451086e+00 1.704705531271333996e+01 5.000000000000000000e+00
-2.005561018886178992e+00 -5.398747606419129319e+00 8.557464192946554249e+00 5.000000000000000000e+00
-3.096343223318401172e+00 3.825985804165628501e+00 5.376503197866700390e+00 5.000000000000000000e+00
5.107729035312078558e-01 4.556128717676561912e+00 9.205100243184078934e+00 5.000000000000000000e+00
1.379837638362577668e+00 -5.469585639523002030e+00 1.118952373702184211e+01 5.000000000000000000e+00
-2.896363934638888082e+00 7.974898734701101333e-01 2.864491109704569993e-01 5.000000000000000000e+00
-5.608868639763416875e-01 -1.410172479606847551e+00 4.426629500468695078e+00 5.000000000000000000e+00
3.454998022805970681e+00 5.011185080489699573e+00 1.130457091568145778e+01 5.000000000000000000e+00
4.197094211942284048e+00 2.070234924738632909e+00 4.286261420445256931e+00 5.000000000000000000e+00
1.403228082359212259e+00 -1.078532527233927896e+00 1.936332760523828256e+01 5.000000000000000000e+00
-1.259555070790071563e+00 3.297633812311404622e+00 3.340099487044390081e-01 5.000000000000000000e+00
3.154503240309334267e+00 1.201242744313136157e+00 2.814782994752347278e+00 5.000000000000000000e+00
-1.346057876667358766e+00 -3.087724477080606711e+00 7.925479378376172335e+00 5.000000000000000000e+00
4.745891583549035064e-01 -1.079964132232571705e+00 1.344932078577530987e+01 5.000000000000000000e+00
-6.786451939594805083e+00 2.066620752675529804e+00 1.994172937449697258e+01 5.000000000000000000e+00
1.381576889730578017e+00 -5.503691137063091432e-01 7.809911319083811421e+00 5.000000000000000000e+00
-9.036183019583726717e-02 -3.760165568431122485e-01 1.890349662803400577e+01 5.000000000000000000e+00
-1.559550404191635820e-01 -2.815264807609874520e+00 6.035938972977941575e+00 5.000000000000000000e+00
1.164213799989977094e+00 2.735144750735506225e+00 2.379186968404423119e-01 5.000000000000000000e+00
7.649593781774346013e+00 -4.142991556901000294e+00 1.297917565244894611e+01 5.000000000000000000e+00
-2.850962857185356247e-01 4.330968680199996257e+00 1.694509740356421901e+01 5.000000000000000000e+00
1.413035089370103803e+00 6.340086088188223279e+00 4.168015111255263250e-01 5.000000000000000000e+00
1.532327790860518846e+00 -1.656444529340009991e-02 1.486690949790231286e+01 5.000000000000000000e+00
-3.855628647240350926e+00 -3.981716553392462110e+00 1.721566489654811249e+01 5.000000000000000000e+00
-3.657461710653605813e+00 3.719179644723529243e+00 1.299881130283887742e+01 5.000000000000000000e+00
-7.547743856802727080e+00 -3.513014295277079313e+00 2.609129768226379209e+00 5.000000000000000000e+00
5.235232858655490817e-01 4.759953256340572203e+00 1.560355731180498395e+01 5.000000000000000000e+00
-6.840986736369744081e-01 -3.547588516038115536e+00 3.203275940548411249e-01 5.000000000000000000e+00
2.550217402995272664e+00 3.330629399234051213e+00 7.821807511352149689e+00 5.000000000000000000e+00
-4.130087062065357806e+00 -9.720392806756519732e+00 1.391061873628228973e+01 5.000000000000000000e+00
-9.017266881767834752e-01 4.038072019638225818e+00 1.749433494585634907e+00 5.000000000000000000e+00
-2.749785407477815635e+00 9.316331730847131620e-01 1.353529518160431699e+01 5.000000000000000000e+00
1.730745601328481431e+00 -8.370785218598838284e+00 3.560613800462075762e+00 5.000000000000000000e+00
4.445821713976611633e+00 -1.162385561676682943e+00 2.218115752950806652e+00 5.000000000000000000e+00
9.114017616220364548e-01 -2.124170603435748372e+00 1.578689249277567441e+01 5.000000000000000000e+00
3.024811304199696571e-01 -2.980986451696090000e+00 6.102908776079221553e+00 5.000000000000000000e+00
-9.743107724495556621e-01 -1.288829219271257376e+00 1.905629383785991671e+00 5.000000000000000000e+00
-3.366864936753756421e+00 -2.463324816791541583e+00 1.600352556910451796e+01 5.000000000000000000e+00
9.626128794891350982e-01 -3.301166155238943745e+00 1.901031159639408941e+01 5.000000000000000000e+00
1.028349368296187283e+00 1.991892675133144719e+00 1.828678996564552151e+01 5.000000000000000000e+00
-4.167877244959825589e+00 -4.156622640721066020e+00 1.731148282995471988e+01 5.000000000000000000e+00
3.373573178918194415e+00 3.233955631778595574e+00 1.684695489765022458e+01 5.000000000000000000e+00
3.193023554762774552e+00 -2.631058920108790389e+00 6.070992623601794591e+00 5.000000000000000000e+00
3.638532125337571088e+00 4.752573283164601037e+00 1.200372140115952568e+01 5.000000000000000000e+00
1.001826661963303833e+00 1.223875665832672821e+00 5.488912168783692813e+00 5.000000000000000000e+00
4.815277947479809084e-01 2.951032901517266493e-01 1.704186179485949282e+01 5.000000000000000000e+00
6.910031285883679875e-01 3.054443249880288924e+00 2.189795622320602764e+00 5.000000000000000000e+00
3.415459108368639196e+00 1.147892849312348584e+00 1.272820475100539639e+01 5.000000000000000000e+00
-7.278814965613474186e+00 2.475968635869425949e+00 1.244881001753832805e+01 5.000000000000000000e+00
7.483850047361393365e-01 7.371159405620916871e+00 1.774322831703335979e+01 5.000000000000000000e+00
-1.309894653420108579e+00 -4.171070916982352328e-01 1.870867331562168445e+01 5.000000000000000000e+00
3.886617922973385930e+00 -4.707882087439704044e+00 7.262337547449395636e+00 5.000000000000000000e+00
3.192944104727768018e+00 -2.214191658439554011e+00 1.958561956899895407e+01 5.000000000000000000e+00
-4.165655868018311447e-01 -4.840187738359160718e+00 3.577519160145095078e+00 5.000000000000000000e+00
-1.883841518678665450e+00 2.121233254672330482e+00 1.472528061606137229e+01 5.000000000000000000e+00
-1.421660144120013625e+00 4.512536291869484462e-02 1.520363490173301635e+01 5.000000000000000000e+00
-3.129425066572681047e+00 6.299798949642010371e+00 1.705206885691157481e+01 5.000000000000000000e+00
2.488765243007659222e+00 1.129679495186413640e-01 5.304342883098476236e+00 5.000000000000000000e+00
-6.069838440538180002e-01 -3.552024158535209253e+00 1.995910093755624004e+00 5.000000000000000000e+00
-3.759159102613773396e+00 6.012328188917276606e+00 1.975990818900134016e+01 5.000000000000000000e+00
-3.230232683633564861e+00 -6.598323027475092584e-01 1.175039919449430137e+01 5.000000000000000000e+00
3.283004430039152544e-01 -5.553481758693449288e-01 8.307052357376443652e+00 5.000000000000000000e+00
-6.920723061435205548e-01 3.273133539679357717e+00 8.906770029685072032e+00 5.000000000000000000e+00
-3.067351951652766751e+00 -1.076095826427648783e+00 1.474344003802906400e+01 5.000000000000000000e+00
1.822180734866127416e+00 8.722335098075173487e-01 1.763285052422480703e+01 5.000000000000000000e+00
-3.292486237118675163e+00 -1.868125498065541512e-01 1.523007041462741462e+01 5.000000000000000000e+00
-1.721943831057418883e+00 -9.185091311927906510e-01 3.862894022132277172e+00 5.000000000000000000e+00
8.166577404009359498e+00 4.582307883629239242e+00 1.526097281721781052e+01 5.000000000000000000e+00
-4.040306371583059608e+00 -1.501353513199657819e+00 4.665096811161191681e+00 5.000000000000000000e+00
1.225906789359360705e+00 1.297507815398560194e+00 8.340302278889829779e+00 5.000000000000000000e+00
3.194701891269799976e+00 -5.397264676894299562e+00 3.061071153270642498e+00 5.000000000000000000e+00
5.332101670646708591e+00 1.036389031745248435e+00 1.280750911569147021e+01 5.000000000000000000e+00
7.165444988737920129e-01 -8.338209327058910825e-01 2.284298457755966627e+00 5.000000000000000000e+00
4.016402527628864405e+00 1.830841949394294677e+00 3.870667719309972554e+00 5.000000000000000000e+00
-1.004543501199860689e+00 5.962901754871796633e+00 1.608736214935825970e+01 5.000000000000000000e+00
-6.274682955382306915e+00 -4.833521769240958221e+00 1.855990979607227231e+01 5.000000000000000000e+00
-3.575429231317281964e+00 -1.443677631272366479e-01 1.228978643036876406e+01 5.000000000000000000e+00
2.240360872441987006e+00 -1.906189309690369815e-01 1.404098093612500975e+01 5.000000000000000000e+00
2.890069883248864269e+00 3.180884745741419106e+00 7.320540787479099976e+00 5.000000000000000000e+00
6.012365905636511965e-01 -4.320080890699761866e+00 3.713999804639449565e+00 5.000000000000000000e+00
2.498272224205219771e+00 -8.509539332377782372e-01 1.048929403001449501e+01 5.000000000000000000e+00
-1.313495440802642245e+00 2.557159444063208831e+00 3.006576784172703132e+00 5.000000000000000000e+00
5.599783351693399247e-01 -2.134106584497973191e+00 1.361337654072271164e+01 5.000000000000000000e+00
1.806707814991033167e+00 -2.473448353726900528e+00 1.298369319029587032e+01 5.000000000000000000e+00
-6.254064793346654660e+00 4.186164451748894066e+00 5.183076656814189498e-01 5.000000000000000000e+00
3.051659915536364842e+00 3.631598052796080278e+00 1.217637697680187969e+01 5.000000000000000000e+00
-1.396390386394315897e+00 5.619165172739431391e+00 1.758768628191854333e+01 5.000000000000000000e+00
1.496369646280268917e-01 -1.360600028836852271e+00 1.799483143134485275e+01 5.000000000000000000e+00
-3.461645076979020352e+00 2.506860272964463121e+00 1.411209317938714136e+01 5.000000000000000000e+00
-1.005775428529676052e+00 1.602016455978529041e+00 1.764307930197581342e+01 5.000000000000000000e+00
-1.058046966153173063e+00 8.507814791325735149e-01 1.838382043394085485e+01 5.000000000000000000e+00
-1.358268048156573871e+00 -5.930315688353762660e+00 1.310238445335410518e+01 5.000000000000000000e+00
4.654980907713239802e+00 -1.720957529945800424e+00 2.162561112244061334e+00 5.000000000000000000e+00
2.608308786369788024e+00 2.928551809223361779e+00 1.190565117728775668e+01 5.000000000000000000e+00
-3.614712131155501051e+00 -1.806026790148508532e+00 1.874484068215895149e+01 5.000000000000000000e+00
-5.057618585831061608e+00 -2.132934008827811478e+00 1.354320724553678978e+01 5.000000000000000000e+00
5.351139631460653412e+00 -4.605116456896521271e+00 1.556261723203379432e+01 5.000000000000000000e+00
3.692162086524517939e+00 2.304121499260392447e+00 1.028144795224070762e+00 5.000000000000000000e+00
-1.079074169464350197e+00 -2.953044044481833108e+00 7.407254672125890949e+00 5.000000000000000000e+00
-3.199190351184630465e+00 1.791707469439287159e+00 2.278981375261204256e+00 5.000000000000000000e+00
1.837586164572343250e+00 -4.130269677169475656e-02 2.657017868795583659e+00 5.000000000000000000e+00
-5.900615986970669802e-01 -1.018935907565797327e+00 1.714251967493785500e+01 5.000000000000000000e+00
1.262366569943892625e+00 3.661735867292033486e+00 1.742028104896170149e+01 5.000000000000000000e+00
-2.893225522592165255e+00 -4.285208102701242083e+00 1.290529872878005690e+01 5.000000000000000000e+00
3.493482601234539242e+00 2.250018730476280648e+00 1.186632274499217132e+01 5.000000000000000000e+00
3.593923100540274973e+00 -2.083172778405971926e+00 9.520075672484724194e+00 5.000000000000000000e+00
-5.312450103067364537e+00 -2.760534251107723769e+00 5.404286173656521086e+00 5.000000000000000000e+00
-5.401869458113941036e+00 5.898672037336560869e-01 4.298681115625648808e+00 5.000000000000000000e+00
2.463298736828558155e+00 2.669046790040495720e-01 9.450392892526671140e-01 5.000000000000000000e+00
5.604434941659164338e+00 -1.334438647820311186e+00 4.520826389905280962e+00 5.000000000000000000e+00
-5.016311153390170752e+00 2.264265347821209140e+00 5.610365431920394386e+00 5.000000000000000000e+00
-3.973251358389983778e+00 -1.069687080731753781e+00 1.044178390651079091e+01 5.000000000000000000e+00
-1.379239266098306826e+00 -6.487668572506872344e+00 1.708900206421701284e+01 5.000000000000000000e+00
-2.425541094871647707e-01 -2.088456154163528034e+00 9.697055284087060301e+00 5.000000000000000000e+00
-3.697692928380642841e-02 2.018876803803296038e+00 1.497607379206871148e+00 5.000000000000000000e+00
-5.815826390489352571e-01 -2.722918522731484714e+00 8.774139078897857935e-01 5.000000000000000000e+00
-2.497642109836903046e+00 -2.656071469636156035e+00 1.886570419247229680e+01 5.000000000000000000e+00
1.341511990038405155e+00 4.151344152094969431e+00 1.053322361329446366e+01 5.000000000000000000e+00
-1.712378705215288566e+00 1.213649563691412969e-01 3.828436708747233741e+00 5.000000000000000000e+00
1.555174941407967415e-01 -3.551857363582928251e+00 1.940994689610786494e+01 5.000000000000000000e+00
-1.771448391465160199e+00 -5.522329991414459016e+00 1.806601673239666184e+01 5.000000000000000000e+00
-1.051284962796713351e+00 -9.765159342784406338e-01 7.345705593335985384e+00 5.000000000000000000e+00
2.169623763089827961e-01 -2.491499932707160969e+00 1.334608063888000373e+01 5.000000000000000000e+00
6.488054142344164887e+00 -1.299921791373773061e+00 2.930477061805378813e+00 5.000000000000000000e+00
-1.756533165004919184e+00 -2.002420306495289015e+00 7.983816489194777155e+00 5.000000000000000000e+00
-2.656769711819868984e+00 -3.478239506565350858e+00 3.255965340623447890e+00 5.000000000000000000e+00
1.061039699416454596e+00 1.650066852508499160e+00 9.310977145326139848e+00 5.000000000000000000e+00
-4.337683453596274497e+00 5.932111996478175442e+00 6.643687661989464033e+00 5.000000000000000000e+00
2.817209114429378936e+00 2.669805442150539498e+00 1.958099594547523736e+01 5.000000000000000000e+00
-6.289762154454024978e-01 -7.250635965911454983e-01 8.291636102653388463e+00 5.000000000000000000e+00
-9.325881990756459405e-01 6.707907776267455491e-01 4.800138873051262856e+00 5.000000000000000000e+00
5.123842001405485291e+00 1.846939053787535201e+00 1.147415356168299105e+01 5.000000000000000000e+00
-4.131287882924783439e+00 3.290846559897349533e+00 4.730857870662039666e+00 5.000000000000000000e+00
-1.935190030429003949e+00 -5.182229290636714225e+00 1.649124113942951908e+01 5.000000000000000000e+00
2.011024627419192079e+00 -4.659561658922513061e+00 1.836225485775724664e+01 5.000000000000000000e+00
4.790836326033708070e-02 4.354624323712149803e+00 1.770642263869920185e+01 5.000000000000000000e+00
-1.603510936685692334e+00 3.178868788944597679e-01 3.040717631996765480e+00 5.000000000000000000e+00
-1.601998344348730008e+00 8.857711374688722605e-01 1.532351558341865072e+01 5.000000000000000000e+00
-2.060524737839247500e+00 1.807723432506100236e+00 1.155297591255679635e+01 5.000000000000000000e+00
-2.862018313125721303e+00 1.259672156300986945e+00 1.322819900857983733e+01 5.000000000000000000e+00
-2.166442581224754083e+00 1.439373986127860716e+00 4.615286610482800533e+00 5.000000000000000000e+00
-6.443063027473118431e+00 1.285721786547873835e+00 7.786252436935501287e+00 5.000000000000000000e+00
-1.414277647741087662e+00 -1.294213351602075401e-01 1.997604947539043252e+01 5.000000000000000000e+00
5.558321732784766489e+00 4.158325303203208811e+00 1.480854163874688467e+01 5.000000000000000000e+00
1.335545309652028223e+00 8.799352927507222422e-01 3.075606752000179522e+00 5.000000000000000000e+00
-2.731166671035475391e-01 -2.627712480867830269e+00 9.816218099487702631e+00 5.000000000000000000e+00
3.319672485041014753e-01 -3.657068603650858840e+00 8.066876225413647461e+00 5.000000000000000000e+00
-2.492539308335671500e+00 1.436967224828607392e+00 1.366398375115661246e+01 5.000000000000000000e+00
-1.867813428026999123e+00 -6.754381546957821669e+00 6.676711052431373972e+00 5.000000000000000000e+00
