4.554728419306008469e+00 -4.727449377722328094e+00 1.727902464677556083e+01 2.000000000000000000e+00
5.421593688655524268e+00 -4.231190101213089250e+00 8.456242942257212292e+00 2.000000000000000000e+00
5.108679391983097950e+00 -5.011954111011900359e+00 2.128876393143797063e+00 2.000000000000000000e+00
5.328102663914273229e+00 -5.122708810158045800e+00 1.537395501842464718e+01 2.000000000000000000e+00
4.510118003281332832e+00 -5.600078115944155499e+00 1.959558737314636900e+01 2.000000000000000000e+00
5.448620485330954111e+00 -5.720770605247662566e+00 6.504207429570396215e+00 2.000000000000000000e+00
4.568637385701402209e+00 -5.752836498523214104e+00 1.764490131795222894e+01 2.000000000000000000e+00
5.340681074971683095e+00 -4.134026769891377739e+00 1.816071411284760728e+01 2.000000000000000000e+00
4.822437183073891021e+00 -4.967409291783192238e+00 8.820981718609964162e+00 2.000000000000000000e+00
4.799772842444636645e+00 -4.041841637228676731e+00 1.921322615994792571e+01 2.000000000000000000e+00
5.484198889446997072e+00 -5.375294605336036646e+00 2.606038645375956531e+00 2.000000000000000000e+00
4.738323601396546181e+00 -5.926058050521200826e+00 9.641329983092104428e+00 2.000000000000000000e+00
4.530405787370577642e+00 -4.328298877508175657e+00 7.532629857925243755e-01 2.000000000000000000e+00
5.466283582894258863e+00 -4.319501744265235033e+00 3.916461044573373851e+00 2.000000000000000000e+00
4.606963932287568397e+00 -5.809067386628141705e+00 1.945775195793306978e+01 2.000000000000000000e+00
5.174120784398446915e+00 -4.031297586478936879e+00 1.145828326583744960e+01 2.000000000000000000e+00
5.316502152668032721e+00 -4.112925863229663470e+00 3.649557096012752133e+00 2.000000000000000000e+00
4.639830037523681838e+00 -4.846810608444735102e+00 3.270363710448833672e+00 2.000000000000000000e+00
5.020697042713438307e+00 -5.999571448766758408e+00 1.763327195446919760e+01 2.000000000000000000e+00
5.417503565178201086e+00 -5.224880438602611754e+00 4.539296886797767883e+00 2.000000000000000000e+00
4.617977055100351613e+00 -5.822580950414311118e+00 9.344178663689621800e+00 2.000000000000000000e+00
5.363988015053600122e+00 -5.157198709312027063e+00 1.623154718602233970e+01 2.000000000000000000e+00
5.299120785575224701e+00 -5.099342096500192767e+00 1.983673331267002382e+01 2.000000000000000000e+00
4.599058336235056110e+00 -4.201259674202830752e+00 1.262063757882249071e+01 2.000000000000000000e+00
5.293643954489613890e+00 -5.095310949009363988e+00 1.488994231246884858e+01 2.000000000000000000e+00
5.238688617963017435e+00 -5.939349227443163848e+00 1.642141220500323584e+01 2.000000000000000000e+00
5.412024650539700055e+00 -5.216740953634948497e+00 8.800919554920678678e+00 2.000000000000000000e+00
5.446073768312543528e+00 -5.274127927305195307e+00 1.374709657358555503e+01 2.000000000000000000e+00
4.665500723120292292e+00 -4.128368147534481558e+00 6.334690207376669768e+00 2.000000000000000000e+00
4.504832945086183926e+00 -4.430648808748672174e+00 1.304340942350781773e+01 2.000000000000000000e+00
5.527920956828360488e-01 2.845185316630742811e-01 1.498993547080764266e+01 5.000000000000000000e+00
-1.511661477693452410e-02 2.892823645596981130e+00 6.377966795344942597e+00 5.000000000000000000e+00
-2.054025030103870719e+00 1.936902006125209130e+00 8.059706834302847511e+00 5.000000000000000000e+00
2.968836431881585192e-01 1.261018216659655078e+00 1.384867069419443908e+01 5.000000000000000000e+00
-2.492539308335671500e+00 1.436967224828607392e+00 1.366398375115661246e+01 5.000000000000000000e+00
1.439816682488281208e+00 2.000993912249697804e-01 2.977973282544885691e+00 5.000000000000000000e+00
-4.232662936822029209e-01 5.683681186187107270e-01 1.633063431555456546e+01 5.000000000000000000e+00
2.552794273836488159e+00 -4.850932361903653955e+00 1.568634203367335189e+01 5.000000000000000000e+00
1.004411234783382678e+00 2.733491961316760754e+00 7.474468173512079261e+00 5.000000000000000000e+00
-9.522821907900578253e-01 1.575983064022129287e+00 1.884169678654646063e+01 5.000000000000000000e+00
-3.674194681657617423e+00 -5.356066204988510826e+00 3.511166816454283079e+00 5.000000000000000000e+00
-6.504406241411021528e-01 1.255212290044600110e+00 4.007712433341588110e+00 5.000000000000000000e+00
1.595098096530552123e+00 -8.323511602302119172e+00 1.256756417951616633e+00 5.000000000000000000e+00
-5.333412411606603065e+00 -4.894327292319415434e+00 6.973561384152944242e+00 5.000000000000000000e+00
5.558321732784766489e+00 4.158325303203208811e+00 1.480854163874688467e+01 5.000000000000000000e+00
-1.771723075949128923e+00 7.822004556772793604e-01 9.738448596367856425e+00 5.000000000000000000e+00
-5.401869458113941036e+00 5.898672037336560869e-01 4.298681115625648808e+00 5.000000000000000000e+00
2.468927478489360894e+00 6.429206323920633182e+00 6.347071650315645464e+00 5.000000000000000000e+00
-1.487330201060863111e+00 -2.010092738621026331e+00 6.108055439065709358e+00 5.000000000000000000e+00
3.381221568600506266e+00 2.515765902255109765e+00 1.526368135397727954e+01 5.000000000000000000e+00
-6.069838440538180002e-01 -3.552024158535209253e+00 1.995910093755624004e+00 5.000000000000000000e+00
-5.624350573527685526e-01 1.290060571395420741e+00 1.798787950943943059e+00 5.000000000000000000e+00
2.774058916095649252e+00 9.063154174259115958e-01 9.608734073555558197e+00 5.000000000000000000e+00
-3.230232683633564861e+00 -6.598323027475092584e-01 1.175039919449430137e+01 5.000000000000000000e+00
-1.692731225193339739e+00 -1.426208524669616118e+00 7.146573828689353647e+00 5.000000000000000000e+00
1.520877250619423693e+00 1.828325762061993043e+00 1.223477821912550922e+01 5.000000000000000000e+00
3.547245713278956991e-01 -1.675191692252265163e+00 1.692745052727987343e+01 5.000000000000000000e+00
3.114879660351039803e-01 -1.096706853185893893e+00 6.164951156047737690e-01 5.000000000000000000e+00
-2.600173291295427291e-01 -5.547958849662357750e+00 1.320381066262260639e+01 5.000000000000000000e+00
-9.445007734501540408e-01 2.702970622041194204e+00 1.011405840941293377e+01 5.000000000000000000e+00
3.690411218716757702e+00 -2.099145573912791107e+00 1.032808464318341279e+01 5.000000000000000000e+00
1.524578723097762545e+00 1.681519927542279191e+00 2.450036684450755953e+00 5.000000000000000000e+00
6.222680763634804713e+00 1.387181112917154291e+00 1.266637920439657172e+00 5.000000000000000000e+00
-2.364589886622447401e-01 7.854607999856751732e+00 1.836591032095228471e+01 5.000000000000000000e+00
2.907039261831921184e+00 1.875015513326775185e+00 6.072806148785911518e+00 5.000000000000000000e+00
3.331701017656476083e+00 -1.013100660716405310e-01 1.926066077663467979e+01 5.000000000000000000e+00
2.091307840449628586e+00 7.980018151261421000e-01 1.186777511334415536e+01 5.000000000000000000e+00
1.840675652379967442e+00 -3.527551068888429953e+00 1.880067322268574870e-01 5.000000000000000000e+00
6.910031285883679875e-01 3.054443249880288924e+00 2.189795622320602764e+00 5.000000000000000000e+00
5.001094777917653111e+00 1.536083631631564472e+00 1.086522144909532983e+01 5.000000000000000000e+00
1.562625788020405082e+00 -1.758353852835306652e+00 1.361815758095794315e+01 5.000000000000000000e+00
-2.290250225169645049e+00 1.972821537718227436e+00 2.044931454235745516e+00 5.000000000000000000e+00
-2.555816738344023342e+00 -1.960413063308908299e+00 8.136113399090660891e+00 5.000000000000000000e+00
-6.925014656138149816e-01 -1.428213987170744881e+00 1.995712343310862735e+01 5.000000000000000000e+00
2.275089914721377227e+00 -5.000260389826964413e+00 8.063029363994722587e-01 5.000000000000000000e+00
-5.731338257436417116e+00 -2.162386799388133163e+00 1.583957831277798078e+01 5.000000000000000000e+00
-3.376359182051718033e-01 5.643956073545954855e-01 5.818657622023872378e+00 5.000000000000000000e+00
-5.939296870880853341e+00 -2.042140932163289069e+00 3.248792933131685601e+00 5.000000000000000000e+00
3.806957479764349728e+00 1.195400985649197390e+00 3.372880126701827130e+00 5.000000000000000000e+00
-3.886203581834458021e+00 -5.148301439223934572e-01 7.872484558232846652e+00 5.000000000000000000e+00
7.277392785507119655e+00 1.837042615189514727e+00 1.452733985317328091e+01 5.000000000000000000e+00
5.319743793562016210e-01 -8.001446800619500532e-01 1.652164227140801955e+01 5.000000000000000000e+00
1.070946028665879401e+00 -3.133992580022270102e-01 1.355700170048619313e+00 5.000000000000000000e+00
-5.291128223571589295e+00 -3.657047235190550305e-01 1.992819344759608757e+00 5.000000000000000000e+00
3.390627929345773950e+00 2.101501086525471851e-01 1.629960554765498060e+01 5.000000000000000000e+00
1.995305086572840558e+00 4.448130602957091284e+00 5.763569387317250658e+00 5.000000000000000000e+00
2.351788569705147935e+00 6.497993585266351957e+00 4.837220895774518858e+00 5.000000000000000000e+00
-3.099378076770209489e+00 2.447793343628513973e+00 1.754403261552537074e+01 5.000000000000000000e+00
-1.935190030429003949e+00 -5.182229290636714225e+00 1.649124113942951908e+01 5.000000000000000000e+00
2.889636369732738519e+00 -3.798919236429926016e+00 1.429019623149039120e+01 5.000000000000000000e+00
3.364644091852369012e+00 2.904058500529165698e+00 7.457069922378138926e+00 5.000000000000000000e+00
7.917364304791337792e-01 2.338869211060083053e+00 1.166929566098527538e+01 5.000000000000000000e+00
-2.200252057957384544e+00 2.423004263928723478e+00 3.788544102002224800e+00 5.000000000000000000e+00
-2.166442581224754083e+00 1.439373986127860716e+00 4.615286610482800533e+00 5.000000000000000000e+00
-1.110584192872609011e-01 -6.700149566757755970e-01 3.404286785379073699e-01 5.000000000000000000e+00
1.705305178648115705e+00 -1.275152398734035408e+00 1.307813551011903996e+01 5.000000000000000000e+00
3.259084105892691152e+00 4.075613034062139484e+00 2.916862306410794581e-01 5.000000000000000000e+00
-5.643529412545138513e+00 -4.101425867249417934e+00 1.771092657848052099e+01 5.000000000000000000e+00
4.790836326033708070e-02 4.354624323712149803e+00 1.770642263869920185e+01 5.000000000000000000e+00
3.723074785765633887e+00 -1.868746544576343815e+00 1.470632195515948126e+01 5.000000000000000000e+00
1.090343597929843256e+00 -1.915640945111165783e+00 1.623926375493022078e+01 5.000000000000000000e+00
4.647324359079969547e+00 2.222277074397874141e+00 7.930074630284469350e+00 5.000000000000000000e+00
1.331811964274624671e+00 -3.719022031312016807e+00 1.476868679483759905e+01 5.000000000000000000e+00
-4.811113830229087895e+00 1.200228123736748476e+00 2.687838680072296427e-01 5.000000000000000000e+00
-2.313243233381607311e+00 3.395094710768738366e+00 1.538659707454043613e+01 5.000000000000000000e+00
1.381576889730578017e+00 -5.503691137063091432e-01 7.809911319083811421e+00 5.000000000000000000e+00
-2.930712387322411239e+00 4.470415599813962970e+00 7.875368403377629889e+00 5.000000000000000000e+00
2.176596379390840497e+00 -1.439468831137933336e+00 6.700032613660900083e+00 5.000000000000000000e+00
1.822180734866127416e+00 8.722335098075173487e-01 1.763285052422480703e+01 5.000000000000000000e+00
2.397157357410363065e+00 -6.163420551913542100e-01 8.280851414924265796e+00 5.000000000000000000e+00
4.683471773176873576e+00 -5.815680103471305706e+00 7.283643131846848640e+00 5.000000000000000000e+00
-2.571601839513206755e+00 2.265706022061993785e+00 1.624119731995494575e+01 5.000000000000000000e+00
-8.571536617267329350e-02 6.433547323823360919e-01 4.709044900730832595e+00 5.000000000000000000e+00
7.781680199552222232e-01 2.510251511431413451e+00 5.372426766797547160e+00 5.000000000000000000e+00
-3.954408332206633125e-01 4.176565808421218051e+00 1.893033692557706260e+01 5.000000000000000000e+00
1.055370017072216449e+00 1.850571526782450960e+00 1.784191723753674097e+01 5.000000000000000000e+00
-1.377130361968329053e+00 3.095260391510425535e+00 1.897495912583625710e+01 5.000000000000000000e+00
3.373573178918194415e+00 3.233955631778595574e+00 1.684695489765022458e+01 5.000000000000000000e+00
-2.491517969385510511e+00 9.761735277037256742e-01 8.646920427447192026e+00 5.000000000000000000e+00
2.805874555966188399e+00 -3.590208891389167434e+00 6.806539066772097080e+00 5.000000000000000000e+00
2.459375004555982791e+00 2.521621545346182103e+00 4.354094033427360344e+00 5.000000000000000000e+00
-2.376489198013929105e+00 1.298627535019323043e+00 1.962118732005559707e+01 5.000000000000000000e+00
5.090342105034130205e-01 1.164489343592728821e+00 2.534512464171900792e+00 5.000000000000000000e+00
4.686362814997892201e+00 4.972059973146611966e+00 5.316140828051974410e+00 5.000000000000000000e+00
-8.982823664952233056e-01 8.258260122141525272e-01 4.859394264440757283e+00 5.000000000000000000e+00
3.638532125337571088e+00 4.752573283164601037e+00 1.200372140115952568e+01 5.000000000000000000e+00
-1.379239266098306826e+00 -6.487668572506872344e+00 1.708900206421701284e+01 5.000000000000000000e+00
8.723563089673816995e-01 -6.961769757900074795e-01 1.297556065796680080e+01 5.000000000000000000e+00
1.913343196601264395e+00 8.791537285053792061e-01 5.094428833994202321e+00 5.000000000000000000e+00
-3.629643237675829193e-01 2.721618618136192325e-01 5.587456348269417283e+00 5.000000000000000000e+00
-3.434150730609522917e+00 2.333947627070043662e+00 8.743063368141907432e+00 5.000000000000000000e+00
-4.217269803986339660e+00 -3.964131485231886742e+00 1.112940654035518229e+01 5.000000000000000000e+00
-2.437268369118842370e-01 -2.149821067347731596e+00 6.293511303767851395e+00 5.000000000000000000e+00
-1.791252212612773231e+00 -7.183794086424445169e+00 5.862323097778210368e+00 5.000000000000000000e+00
1.496369646280268917e-01 -1.360600028836852271e+00 1.799483143134485275e+01 5.000000000000000000e+00
1.029434227607161079e+00 -2.971531002922418008e+00 8.892344936275829781e+00 5.000000000000000000e+00
2.305688017070240403e-01 6.462903864952898036e-01 1.424658046718023918e+01 5.000000000000000000e+00
2.212428488137807125e+00 9.632171761622594364e-01 7.149568201081035745e-01 5.000000000000000000e+00
-1.313495440802642245e+00 2.557159444063208831e+00 3.006576784172703132e+00 5.000000000000000000e+00
-1.729896417895962213e-01 -3.794757472114982377e+00 1.429491841528963292e+01 5.000000000000000000e+00
5.019717734456564884e+00 1.706767215732659437e+00 1.541896500773694179e+01 5.000000000000000000e+00
6.736506729680030503e+00 -9.591418538318741138e-01 7.482393925746455565e-01 5.000000000000000000e+00
-1.270273257821761481e+00 -1.938378808018224042e+00 5.009841531105991841e+00 5.000000000000000000e+00
1.164213799989977094e+00 2.735144750735506225e+00 2.379186968404423119e-01 5.000000000000000000e+00
-1.944976965798000279e+00 -1.652063473442359598e+00 3.022587329357908636e+00 5.000000000000000000e+00
-4.948224461004608887e-01 5.713032527897951240e+00 4.670762781659389518e+00 5.000000000000000000e+00
9.237675268756723179e-01 -2.176672410091201382e+00 1.260313501786970924e+01 5.000000000000000000e+00
1.115750851951111233e+00 -1.789954879013065658e-01 1.055081990382932133e+01 5.000000000000000000e+00
-4.892173822331068456e-01 -1.091849315217848337e+00 1.460014560754015100e+01 5.000000000000000000e+00
-2.800112481295615297e+00 1.095173448136704364e+00 1.614514288387720953e+01 5.000000000000000000e+00
-4.718543162540573821e-01 3.345637191878993111e+00 1.062548024392218338e+01 5.000000000000000000e+00
4.216230738067505257e+00 4.198769841215118093e-01 1.175035236203992639e+01 5.000000000000000000e+00
1.669476759852577263e+00 -3.128570935577780765e-01 1.271699445712267007e+01 5.000000000000000000e+00
1.913644089946365742e-02 -1.618281271773043262e+00 1.600028212297821550e+00 5.000000000000000000e+00
7.966982598748693079e-01 4.316624109882223337e+00 1.367463473403173779e+01 5.000000000000000000e+00
3.770250880487903800e+00 -7.013004257686799026e-01 1.336271178070833443e+01 5.000000000000000000e+00
-7.774852239302746604e+00 -8.492504803112468359e-01 2.131146164358528328e+00 5.000000000000000000e+00
4.205276896529538178e+00 5.431888907449736514e+00 2.220941753521974427e+00 5.000000000000000000e+00
-2.720679242672781939e+00 -3.774318384228573797e-01 1.105820118425337562e+01 5.000000000000000000e+00
1.553763559601878619e+00 2.945208329373826039e+00 1.766842838721715125e+01 5.000000000000000000e+00
-2.157822919839477716e-01 -3.659283219411824994e+00 1.776731681144975994e+01 5.000000000000000000e+00
-1.040819044726052800e+00 1.189198947884829716e+00 9.380785487575793447e-01 5.000000000000000000e+00
-5.312450103067364537e+00 -2.760534251107723769e+00 5.404286173656521086e+00 5.000000000000000000e+00
2.018215371817376091e+00 4.485709127001546115e+00 1.034165738162170989e+01 5.000000000000000000e+00
-5.893662597693585248e+00 -1.616085363810836617e-01 1.866073829419103092e+01 5.000000000000000000e+00
-4.337683453596274497e+00 5.932111996478175442e+00 6.643687661989464033e+00 5.000000000000000000e+00
6.012365905636511965e-01 -4.320080890699761866e+00 3.713999804639449565e+00 5.000000000000000000e+00
5.642360669613475377e-01 1.369382671960466258e-01 5.066315764686706302e+00 5.000000000000000000e+00
3.245624728464607589e+00 -3.060492393716598869e+00 8.738171734473983321e+00 5.000000000000000000e+00
1.479737239035479046e+00 4.109332047461112580e+00 1.240972452685010730e+01 5.000000000000000000e+00
1.561094143594485839e+00 1.506957830375515561e+00 7.986877063870919002e+00 5.000000000000000000e+00
-2.850962857185356247e-01 4.330968680199996257e+00 1.694509740356421901e+01 5.000000000000000000e+00
-3.723738242468602078e+00 -1.873647306274355273e+00 1.920912621869413428e+01 5.000000000000000000e+00
-1.928617689211235553e-01 7.415840995463136576e-01 1.423118248223307347e+01 5.000000000000000000e+00
-2.067157863766043713e-01 -1.134109562764709089e+00 1.245941874222327073e+01 5.000000000000000000e+00
-4.427035218922212856e-01 4.294890542401402556e+00 3.010375571734931199e+00 5.000000000000000000e+00
5.548364272352785953e-01 -3.662233834035649949e+00 3.332844095888602975e+00 5.000000000000000000e+00
-1.033790434808158354e+00 -1.108890968532478594e+00 1.941996813323606474e+01 5.000000000000000000e+00
5.140114059948653669e+00 2.710939307584749880e+00 1.278491170470468230e+00 5.000000000000000000e+00
-1.606662384377517849e+00 -2.453128405660964351e+00 3.890218176612776357e+00 5.000000000000000000e+00
5.632315428186553952e-01 5.994447990320339592e-01 5.011035667976429409e+00 5.000000000000000000e+00
9.749108661121049790e-01 -3.579853382059547506e+00 5.179127211306058243e+00 5.000000000000000000e+00
5.766033047432262748e+00 -3.316671163859304272e+00 8.799532975565860227e-01 5.000000000000000000e+00
-5.607299480153491444e-01 -3.243644601635194302e+00 6.309820800322107459e+00 5.000000000000000000e+00
1.532327790860518846e+00 -1.656444529340009991e-02 1.486690949790231286e+01 5.000000000000000000e+00
-2.241303041077448821e+00 -4.071574550131563663e-01 1.690277137903176552e+01 5.000000000000000000e+00
2.710431014533819294e+00 -1.605051998685512959e+00 5.965984734497824959e+00 5.000000000000000000e+00
-1.259555070790071563e+00 3.297633812311404622e+00 3.340099487044390081e-01 5.000000000000000000e+00
-1.890360794421649171e+00 -3.565197674952323315e+00 9.204026198755352439e+00 5.000000000000000000e+00
-6.344557669189277993e-01 2.146317122311776349e-01 1.994266486268097083e+01 5.000000000000000000e+00
1.418787611585876851e+00 -4.207750516706060928e+00 6.468112945076784470e+00 5.000000000000000000e+00
2.375518362669835959e+00 1.233464363325691204e+00 9.464770753711249540e+00 5.000000000000000000e+00
1.003683723227319247e+00 1.385845055650281710e+00 1.834181255864188387e+01 5.000000000000000000e+00
-4.333227712039823487e+00 6.486233542842679611e+00 1.574345516541411882e+01 5.000000000000000000e+00
-3.199190351184630465e+00 1.791707469439287159e+00 2.278981375261204256e+00 5.000000000000000000e+00
-4.038401485893217679e-01 -5.740293035783103903e+00 1.405751023151385048e+01 5.000000000000000000e+00
5.058135615866329537e+00 -1.437438918278040934e+00 1.141246531186717039e+00 5.000000000000000000e+00
-4.777448272983138899e+00 -1.680342022231729460e-01 1.054531574361984525e+01 5.000000000000000000e+00
1.247924004452628743e+00 6.620239531087218632e-01 3.435524700275238708e+00 5.000000000000000000e+00
9.322973581784000929e-01 1.864563393341125419e+00 4.298579329231730917e+00 5.000000000000000000e+00
-2.752835746884137347e+00 -1.615789759139618198e+00 1.024256517600625038e+01 5.000000000000000000e+00
1.109522260969283192e+00 -8.133233009161402460e-01 9.428042698475913141e+00 5.000000000000000000e+00
7.165444988737920129e-01 -8.338209327058910825e-01 2.284298457755966627e+00 5.000000000000000000e+00
5.379412590236266389e+00 -4.043513736872188957e+00 1.019996724939860044e+00 5.000000000000000000e+00
3.106127170107243707e+00 -4.563295051825466686e+00 9.799983810315479715e+00 5.000000000000000000e+00
-3.575429231317281964e+00 -1.443677631272366479e-01 1.228978643036876406e+01 5.000000000000000000e+00
3.167570159691243781e+00 -2.453967040538968192e+00 1.173299760792346191e+01 5.000000000000000000e+00
2.433842303874880209e+00 3.360224982359786949e+00 2.366094070983979503e+00 5.000000000000000000e+00
-2.632685613226823484e+00 -2.853101742905810756e+00 8.723466224865642715e+00 5.000000000000000000e+00
1.147545025245190753e-01 4.760042617121305497e+00 1.791892998129315373e+01 5.000000000000000000e+00
-2.493786350478364611e+00 1.587710701200843566e+00 1.107795048402519456e+01 5.000000000000000000e+00
1.870172136668719620e+00 1.357007658018744012e+00 1.923233686400900666e+01 5.000000000000000000e+00
9.626493569024936470e-01 2.953869146087611530e-01 4.327336229270932755e+00 5.000000000000000000e+00
2.550217402995272664e+00 3.330629399234051213e+00 7.821807511352149689e+00 5.000000000000000000e+00
1.116449723475127387e+00 1.283389654988941864e+00 2.442733166086894503e+00 5.000000000000000000e+00
-4.997589402020185645e+00 5.655245351681069010e+00 1.724314020381267554e+01 5.000000000000000000e+00
-8.611239377414852125e-01 1.127289320426352770e+00 1.838337050543177309e+00 5.000000000000000000e+00
-3.914995412954046239e-02 -7.488426773990460861e-01 1.835632838419668289e+01 5.000000000000000000e+00
3.555646312689627386e+00 9.291017183757003250e-01 2.391724797588945517e+00 5.000000000000000000e+00
2.498272224205219771e+00 -8.509539332377782372e-01 1.048929403001449501e+01 5.000000000000000000e+00
-1.058046966153173063e+00 8.507814791325735149e-01 1.838382043394085485e+01 5.000000000000000000e+00
-9.008746529537428049e-01 -2.361868232094980424e+00 1.960363855152728974e+01 5.000000000000000000e+00
6.265761766257390564e-01 -5.530166705142919525e+00 6.045628766684876254e+00 5.000000000000000000e+00
3.377014347977039144e+00 -2.853928372304897820e+00 9.333808847151248145e+00 5.000000000000000000e+00
1.437016949534754229e+00 1.839538660030339834e+00 8.262172286896971585e+00 5.000000000000000000e+00
-1.513757990216261451e+00 -1.486699849590127354e+00 1.531842610926835491e+01 5.000000000000000000e+00
6.264205702532308351e-01 3.848995463387328897e+00 5.476683605625487061e+00 5.000000000000000000e+00
3.186668052727569034e+00 4.033381789790438932e-01 4.847320259723320035e+00 5.000000000000000000e+00
3.023969516582848183e+00 -3.100937069422415426e+00 1.088240728396125512e+01 5.000000000000000000e+00
1.364575687775695378e+00 -2.184074003030048061e+00 2.938432928643155417e+00 5.000000000000000000e+00
-7.004155087163046467e+00 -1.941470543972366514e+00 1.860003913216119642e+01 5.000000000000000000e+00
1.630086316701984672e-01 -3.696047325952685370e+00 1.571410000316926947e+01 5.000000000000000000e+00
-1.752372632372665717e-01 6.718339298160330486e+00 6.461580946254459334e+00 5.000000000000000000e+00
-2.498237098997027505e+00 1.473659285968936583e+00 1.758316151398671678e+01 5.000000000000000000e+00
8.443617185643491396e+00 -1.759851492725127198e+00 7.516765439873767107e+00 5.000000000000000000e+00
3.251520532569703303e-01 -2.524203356166160317e-01 1.343551582400453626e+01 5.000000000000000000e+00
-3.649442200362913447e+00 -7.666706002368995243e+00 2.645902164019044989e+00 5.000000000000000000e+00
-1.908540334756642309e+00 -3.489319399723586290e+00 1.944237361703607903e+01 5.000000000000000000e+00
5.254714724727111097e+00 3.308738840956207738e+00 1.796110012782053644e+01 5.000000000000000000e+00
5.971759820212763081e+00 5.095937311054671071e+00 1.668351887736420380e+01 5.000000000000000000e+00
3.647697561383776765e+00 7.036662453314290744e+00 1.428465314755541549e+01 5.000000000000000000e+00
8.035710033840640643e-01 -2.542706934416632869e+00 1.534523696757493560e+01 5.000000000000000000e+00
-2.425410497586401037e-01 6.803937720197511752e+00 1.885635837184877062e+01 5.000000000000000000e+00
-2.893322924169533295e+00 1.937142694566980072e+00 1.595735069851605559e+01 5.000000000000000000e+00
3.145468723854041304e-01 3.086642434240407962e+00 1.411452304097609023e+00 5.000000000000000000e+00
-1.681174835023108383e+00 -1.446084262922296082e+00 1.308763837602064939e+00 5.000000000000000000e+00
-3.189013735582983067e+00 1.301133046428929685e+00 1.330096349679840628e+01 5.000000000000000000e+00
-2.402584878907691995e-03 6.222158020794751332e-01 1.216578505188987869e+01 5.000000000000000000e+00
1.399389034382002572e-01 1.896752299597956437e+00 2.595364088071234754e+00 5.000000000000000000e+00
-4.666761467466027380e-01 1.754168204531000974e+00 1.454418201768699248e+01 5.000000000000000000e+00
1.196750499972684789e+00 -4.137909971379173657e-02 1.219045696285575531e+01 5.000000000000000000e+00
2.579215542019349106e-01 5.299051869505401413e+00 2.115989787495340391e+00 5.000000000000000000e+00
-2.297768714103762377e+00 -3.490502531072398718e+00 7.983350785608942957e+00 5.000000000000000000e+00
-6.840986736369744081e-01 -3.547588516038115536e+00 3.203275940548411249e-01 5.000000000000000000e+00
6.488054142344164887e+00 -1.299921791373773061e+00 2.930477061805378813e+00 5.000000000000000000e+00
3.381369014806234752e-02 5.161434442574115877e+00 1.030246475614269919e+01 5.000000000000000000e+00
4.780520055749918562e+00 2.869661985999051090e+00 1.055045455940295440e+01 5.000000000000000000e+00
3.886617922973385930e+00 -4.707882087439704044e+00 7.262337547449395636e+00 5.000000000000000000e+00
-9.036183019583726717e-02 -3.760165568431122485e-01 1.890349662803400577e+01 5.000000000000000000e+00
1.997389775296695147e+00 3.819019726978116758e-01 1.885898859031362562e+01 5.000000000000000000e+00
-9.151424149735367664e-01 -3.924196000629823100e+00 2.761320556610773469e+00 5.000000000000000000e+00
1.361913092191670449e+00 -3.044551608595969849e+00 1.014914179378483183e+01 5.000000000000000000e+00
4.654980907713239802e+00 -1.720957529945800424e+00 2.162561112244061334e+00 5.000000000000000000e+00
-1.635204496862515455e+00 5.308044223080683466e-01 1.348710636160077314e+01 5.000000000000000000e+00
1.422902965484307725e+00 -2.844128796968648398e+00 9.301055738740869216e+00 5.000000000000000000e+00
3.154503240309334267e+00 1.201242744313136157e+00 2.814782994752347278e+00 5.000000000000000000e+00
8.836457557420038356e+00 2.918887793452586088e+00 2.288152811787795837e+00 5.000000000000000000e+00
2.125646452159798194e+00 1.345313242560554956e+00 1.885813083486397801e+01 5.000000000000000000e+00
-1.721943831057418883e+00 -9.185091311927906510e-01 3.862894022132277172e+00 5.000000000000000000e+00
5.532578506645677852e-01 -1.002506764323165545e+00 1.054242941593005867e+01 5.000000000000000000e+00
3.408644055508279480e-02 4.473003379260748202e-01 1.612460281853653754e+00 5.000000000000000000e+00
-2.986507627929566144e+00 1.402837641689426595e+00 1.904344443533144826e+01 5.000000000000000000e+00
6.875251236175217162e-02 6.919615289158178584e+00 1.290435787481764685e+01 5.000000000000000000e+00
1.381540869711754202e-02 -5.245667326807990083e-01 1.766020050873228087e+01 5.000000000000000000e+00
5.377735242677379901e+00 3.297068244178663399e+00 1.585036146279102098e+01 5.000000000000000000e+00
-1.443092949189153762e+00 1.160977533027635511e+00 3.917838801621238431e+00 5.000000000000000000e+00
6.440859457008859756e+00 -1.053173269093683917e+00 1.540437271455809309e+01 5.000000000000000000e+00
5.123842001405485291e+00 1.846939053787535201e+00 1.147415356168299105e+01 5.000000000000000000e+00
-5.053608315890263658e-02 -1.249620180350598631e+00 5.164834104139625737e+00 5.000000000000000000e+00
-1.001280256944346414e+00 -6.140012551908734295e+00 1.561685308900310787e+01 5.000000000000000000e+00
2.011024627419192079e+00 -4.659561658922513061e+00 1.836225485775724664e+01 5.000000000000000000e+00
3.692162086524517939e+00 2.304121499260392447e+00 1.028144795224070762e+00 5.000000000000000000e+00
-4.341224927879594908e+00 4.232306654188985107e+00 1.277292963495458444e+01 5.000000000000000000e+00
4.016402527628864405e+00 1.830841949394294677e+00 3.870667719309972554e+00 5.000000000000000000e+00
-2.417396972398914823e+00 -8.682965967029370180e-01 8.950196614725424382e+00 5.000000000000000000e+00
4.463851343002415817e+00 2.436724196593274883e+00 1.259986776964521660e+01 5.000000000000000000e+00
-4.037875502027769237e+00 4.741390777549469249e+00 2.386113990125029449e+00 5.000000000000000000e+00
5.604434941659164338e+00 -1.334438647820311186e+00 4.520826389905280962e+00 5.000000000000000000e+00
-5.279693833547812964e+00 -5.416615930173569460e-01 3.528909989748370002e+00 5.000000000000000000e+00
-4.165655868018311447e-01 -4.840187738359160718e+00 3.577519160145095078e+00 5.000000000000000000e+00
-3.995981762788113123e+00 2.725839724707747713e+00 1.165642161831096146e+01 5.000000000000000000e+00
5.830644761170001189e+00 9.702729771255308444e-02 1.887864171548837788e+01 5.000000000000000000e+00
5.253509896696548331e+00 -5.512123120660461062e+00 1.142320716929944879e+01 5.000000000000000000e+00
-4.131287882924783439e+00 3.290846559897349533e+00 4.730857870662039666e+00 5.000000000000000000e+00
-2.749785407477815635e+00 9.316331730847131620e-01 1.353529518160431699e+01 5.000000000000000000e+00
-9.956506311303123802e-01 -8.143291762037234705e-01 1.739300592448673299e+01 5.000000000000000000e+00
-3.378596661074496410e+00 6.643311721971610240e+00 2.640523990851084690e+00 5.000000000000000000e+00
-2.471303439339428643e+00 4.068074983259177824e-01 4.916451202437503554e+00 5.000000000000000000e+00
-1.151047584534167667e+00 -1.936075680167505420e+00 1.950735244394824619e+01 5.000000000000000000e+00
-2.005561018886178992e+00 -5.398747606419129319e+00 8.557464192946554249e+00 5.000000000000000000e+00
3.535688663644454444e+00 3.535906714385831595e+00 1.164489600527422297e+01 5.000000000000000000e+00
-1.953727872337894134e+00 2.154035745011371739e-01 3.288009462707113251e+00 5.000000000000000000e+00
4.602884052955756644e+00 2.507937385941796826e+00 1.620405656126677485e+01 5.000000000000000000e+00
3.040712737355444895e-01 1.213237863727064214e+00 5.566348236701344376e+00 5.000000000000000000e+00
-3.173047900182419667e+00 -3.658410403178956383e+00 7.637350212528300375e+00 5.000000000000000000e+00
-5.256336764140949747e+00 -2.903027760523809953e+00 7.215343549243476318e+00 5.000000000000000000e+00
3.880310447830719767e+00 4.417096469928670111e+00 6.319216315460574052e+00 5.000000000000000000e+00
2.767254221844225981e+00 5.180752899444570486e-02 9.952877100197206062e+00 5.000000000000000000e+00
-4.458721773746303185e+00 1.328356946703118435e+00 4.215734214984674821e+00 5.000000000000000000e+00
2.339671196835555023e+00 -2.566470866728790767e+00 1.332677076422438667e+01 5.000000000000000000e+00
-3.324599999236744097e+00 1.319853609618770296e+00 1.265436267419288185e+01 5.000000000000000000e+00
1.776164576142811313e+00 2.015877986655504106e+00 2.245388656251936510e+00 5.000000000000000000e+00
1.549481798740507621e+00 -2.002589704936852746e-02 1.269767610728832530e+01 5.000000000000000000e+00
-2.631443287934088548e+00 1.556637105160545431e+00 1.050883666817704842e+01 5.000000000000000000e+00
-2.656769711819868984e+00 -3.478239506565350858e+00 3.255965340623447890e+00 5.000000000000000000e+00
-1.331968818005815569e+00 1.876582962951681699e+00 1.465616472957615812e+01 5.000000000000000000e+00
4.085063615684550342e+00 7.685840842249118676e-01 1.401549268439931950e+01 5.000000000000000000e+00
1.946610027009265664e+00 3.657542345703770348e+00 1.806945908596324557e+01 5.000000000000000000e+00
-4.209277524251728408e+00 -6.830608560673198659e-02 6.920484454020680687e+00 5.000000000000000000e+00
7.221587552372669139e-01 -2.856146226018840828e+00 1.502387922241412710e+00 5.000000000000000000e+00
6.719532797597222995e+00 -3.803426333788372915e+00 6.007615197527611528e+00 5.000000000000000000e+00
-3.248278890959906823e-03 -1.144646092323645448e+00 1.384411228629802793e+01 5.000000000000000000e+00
-3.843193711948656582e-02 -4.748712616795764063e+00 1.612655026662587687e+01 5.000000000000000000e+00
1.001826661963303833e+00 1.223875665832672821e+00 5.488912168783692813e+00 5.000000000000000000e+00
-1.421660144120013625e+00 4.512536291869484462e-02 1.520363490173301635e+01 5.000000000000000000e+00
1.450678850444277135e+00 -5.120722665790952144e-01 1.704920991948900877e+01 5.000000000000000000e+00
-3.015269069862539730e+00 -3.424141707654922318e+00 1.756278420650325955e+01 5.000000000000000000e+00
6.584343512572452539e-01 1.909280298412061150e+00 1.208591144493231795e-01 5.000000000000000000e+00
2.463298736828558155e+00 2.669046790040495720e-01 9.450392892526671140e-01 5.000000000000000000e+00
-1.063458247923966926e+00 -1.708914625175459001e+00 1.683845851780786163e+01 5.000000000000000000e+00
4.580304143464092093e+00 3.821085595971049464e+00 1.651033068439125273e+01 5.000000000000000000e+00
-6.289762154454024978e-01 -7.250635965911454983e-01 8.291636102653388463e+00 5.000000000000000000e+00
-4.022160501911709041e-01 -1.627731626729538306e+00 1.769557546981751628e+01 5.000000000000000000e+00
-6.445003632478655931e+00 1.263977953857267522e+00 9.342052625884068817e+00 5.000000000000000000e+00
3.409299007573009632e+00 4.050701911414519074e+00 3.613162241701424193e+00 5.000000000000000000e+00
1.555174941407967415e-01 -3.551857363582928251e+00 1.940994689610786494e+01 5.000000000000000000e+00
2.329047987858271274e+00 -1.877221004853060482e-01 1.581307541143167228e+01 5.000000000000000000e+00
1.291888438378601567e+00 8.762907280767253670e-01 1.050994013734146471e+01 5.000000000000000000e+00
-5.744550808565150213e+00 4.021845696810922854e-01 1.975790054734684631e+01 5.000000000000000000e+00
-1.669458980677636026e-02 -4.270303676648478097e-01 1.904980770281522595e+01 5.000000000000000000e+00
1.772705211588569085e+00 5.012606338331144329e+00 5.479420680209314831e+00 5.000000000000000000e+00
9.626128794891350982e-01 -3.301166155238943745e+00 1.901031159639408941e+01 5.000000000000000000e+00
-4.643516842780909815e-01 3.071135721099786053e+00 3.781600627627736966e+00 5.000000000000000000e+00
-1.350057681845298951e+00 4.252268303290717699e-01 8.428456793437295147e+00 5.000000000000000000e+00
4.248024916955375763e-01 6.685571791240028094e-01 1.140762047533448786e+01 5.000000000000000000e+00
-4.455002895777763428e+00 -5.045310908852566278e+00 4.022837699118775312e-01 5.000000000000000000e+00
-1.920613710545136188e+00 -4.845691901565259418e-01 1.637386671544731698e+01 5.000000000000000000e+00
-1.582465192367929596e+00 -8.277405075097091114e+00 8.881989569467201306e+00 5.000000000000000000e+00
1.701795009534808223e+00 1.925793073797339439e+00 1.021079227554000379e+00 5.000000000000000000e+00
-2.497642109836903046e+00 -2.656071469636156035e+00 1.886570419247229680e+01 5.000000000000000000e+00
-3.659151958928193338e+00 1.083608986650708594e+00 1.300492687944620585e+01 5.000000000000000000e+00
2.147975710385143344e+00 2.127278469936309424e+00 1.703612150798977609e+01 5.000000000000000000e+00
2.651457113421644696e+00 -1.557845736848135321e+00 6.335961671096543846e+00 5.000000000000000000e+00
-2.133954259667374842e+00 -2.557530998549726764e+00 1.495867840454537401e+01 5.000000000000000000e+00
9.059344440955647837e-01 3.750358715823897349e+00 1.939720880734232722e+01 5.000000000000000000e+00
-1.771448391465160199e+00 -5.522329991414459016e+00 1.806601673239666184e+01 5.000000000000000000e+00
-5.600798395762854875e-01 -1.350909532284480408e+00 1.543927139721257014e+01 5.000000000000000000e+00
-1.690814976089141553e+00 -3.090658148652055126e-01 1.486364332022108314e+01 5.000000000000000000e+00
-5.465384777521662407e+00 -1.035059021285694270e+00 3.332913711345408814e-01 5.000000000000000000e+00
3.145281699469333780e+00 -1.569963337568818229e+00 1.490127766510790863e+01 5.000000000000000000e+00
-6.366986367893588294e+00 9.361110973085449150e-01 1.363020295065661536e+01 5.000000000000000000e+00
5.712107539725202798e+00 4.051024861860438087e+00 6.529329953115712293e+00 5.000000000000000000e+00
1.980778517097533387e-01 -1.317620154770290597e+00 1.985930902879069748e+01 5.000000000000000000e+00
3.782946563601848666e+00 -1.208701492666390820e+00 9.270630301627694081e+00 5.000000000000000000e+00
-3.222062757729505122e+00 4.336458464691396841e+00 6.102575626662865460e+00 5.000000000000000000e+00
-1.450965764872413688e+00 3.260590281191697137e+00 9.431386225381457322e+00 5.000000000000000000e+00
2.563495534049627711e+00 -4.615749093172041739e+00 1.594639793441419151e+01 5.000000000000000000e+00
1.525146081696034717e+00 6.209752638398279068e+00 3.666356816673712604e+00 5.000000000000000000e+00
5.067568354980455325e+00 3.264031364041846572e+00 9.352696076294764183e+00 5.000000000000000000e+00
-3.050973716843133232e+00 1.213187642243265918e+00 1.359942414973160929e+00 5.000000000000000000e+00
8.516792307963569897e-01 -5.787136669718112358e+00 7.203853566881088355e+00 5.000000000000000000e+00
-2.655353697429766680e+00 -9.623656611443027753e-01 9.271353526939918765e+00 5.000000000000000000e+00
3.010126559420007314e-02 1.051353329743035081e+00 1.651616962759040774e+01 5.000000000000000000e+00
3.313909379416369649e+00 2.997082226133111149e+00 5.049980197591484199e+00 5.000000000000000000e+00
-3.993262985568951429e+00 -8.301028151393985866e+00 2.271160647224164109e+00 5.000000000000000000e+00
2.931078984029068524e-01 -1.778440460863324746e-01 1.293873505880525077e+00 5.000000000000000000e+00
3.757001877717889293e+00 8.803292474694128344e+00 1.661664771785473960e+01 5.000000000000000000e+00
-5.234406000766454348e+00 -9.844811404904099117e-01 1.391085128514648606e+00 5.000000000000000000e+00
-1.042275654075672797e+00 3.710261101706173292e+00 1.697932092858462028e+01 5.000000000000000000e+00
-9.325881990756459405e-01 6.707907776267455491e-01 4.800138873051262856e+00 5.000000000000000000e+00
6.188215629368920556e-01 1.576015176958377673e+00 1.162610866167925039e+01 5.000000000000000000e+00
3.193023554762774552e+00 -2.631058920108790389e+00 6.070992623601794591e+00 5.000000000000000000e+00
4.706252486530171808e+00 -6.164841969789205400e-01 1.219242548221176214e+01 5.000000000000000000e+00
1.837586164572343250e+00 -4.130269677169475656e-02 2.657017868795583659e+00 5.000000000000000000e+00
2.578185484458106025e+00 2.919979032906951488e+00 4.927953922876704418e+00 5.000000000000000000e+00
5.167686607807859822e+00 1.490974668823881633e+00 2.152581387852685602e+00 5.000000000000000000e+00
-6.462562415597962406e+00 6.649576401043350238e+00 9.041363057910444923e+00 5.000000000000000000e+00
4.788036361395583640e+00 -1.042495096227179369e-01 1.735469970529735662e+01 5.000000000000000000e+00
-1.500076932750117775e+00 1.511760008568493019e+00 1.159506137857098551e+01 5.000000000000000000e+00
2.488765243007659222e+00 1.129679495186413640e-01 5.304342883098476236e+00 5.000000000000000000e+00
2.383629679970640680e+00 2.672994077291056314e+00 1.722206126210747357e+01 5.000000000000000000e+00
5.660551249642846727e+00 -3.521813650127520123e+00 2.741750668159741444e+00 5.000000000000000000e+00
-4.266536791970363396e+00 -2.142552728766975001e+00 1.573044034385668155e+01 5.000000000000000000e+00
1.024979584440044028e-01 2.745649816135938615e+00 1.783970584971449469e+01 5.000000000000000000e+00
1.476290813312366668e+00 1.745034910635544056e+00 7.151908059635041504e+00 5.000000000000000000e+00
9.114017616220364548e-01 -2.124170603435748372e+00 1.578689249277567441e+01 5.000000000000000000e+00
-6.322199675806381869e+00 -2.879085506022846186e+00 5.448169138943558920e+00 5.000000000000000000e+00
-1.170686751059794029e-01 -2.196868069937864210e+00 1.832748357646106285e+01 5.000000000000000000e+00
1.865098068121229247e+00 -2.526644969544296515e+00 1.019676418419415320e+01 5.000000000000000000e+00
5.351139631460653412e+00 -4.605116456896521271e+00 1.556261723203379432e+01 5.000000000000000000e+00
5.719017452334911322e-01 -1.741903370324179079e+00 1.838515635074752907e+01 5.000000000000000000e+00
3.465421958202674624e+00 -2.025867105018683834e-01 1.491561391778271428e+01 5.000000000000000000e+00
1.138542045559665983e+00 -5.729993717015976706e+00 8.461173830153441600e+00 5.000000000000000000e+00
-1.883841518678665450e+00 2.121233254672330482e+00 1.472528061606137229e+01 5.000000000000000000e+00
-9.809387910891609330e-01 1.923686907027502002e+00 1.608323712663495186e+01 5.000000000000000000e+00
-1.756533165004919184e+00 -2.002420306495289015e+00 7.983816489194777155e+00 5.000000000000000000e+00
1.012780452194388392e+00 -2.928832926706429696e+00 1.502960621637575755e+01 5.000000000000000000e+00
-1.647287978296995359e+00 -1.635158782503193908e+00 5.526851678803343937e+00 5.000000000000000000e+00
-5.057618585831061608e+00 -2.132934008827811478e+00 1.354320724553678978e+01 5.000000000000000000e+00
5.029082066744971158e+00 -1.801255951092284757e+00 1.080183737144632872e+01 5.000000000000000000e+00
5.253643336275459319e+00 -7.727206876982872785e-01 3.404571801439613132e+00 5.000000000000000000e+00
-1.723202238947207698e+00 5.854853449619307426e+00 1.471383943619418311e+01 5.000000000000000000e+00
-7.439504693410732727e+00 -9.081980520582569882e-01 1.109361540337864582e+01 5.000000000000000000e+00
2.877846932862930807e+00 -8.699235875822397546e-01 1.344897459073878743e+01 5.000000000000000000e+00
-4.081771814726623759e+00 3.008700771762258697e+00 1.865580951942524024e+01 5.000000000000000000e+00
3.546024378883939399e+00 8.995382384246617402e-01 1.088137440462778649e+01 5.000000000000000000e+00
1.146673667668274721e+00 2.583893271087203125e+00 6.550938926392328554e+00 5.000000000000000000e+00
1.803562223148846844e-01 1.400321387659892780e+00 1.436055686020073452e+01 5.000000000000000000e+00
1.336865586799540706e+00 -2.122550879543246172e+00 1.320537394448170687e+01 5.000000000000000000e+00
1.498783527638063884e+00 4.317653314378967488e-01 1.676447738323465231e+01 5.000000000000000000e+00
-3.839876525813266661e-01 3.313506739106817811e+00 8.883038710480057887e+00 5.000000000000000000e+00
1.061400517252945264e+00 -1.421620586995330449e+00 1.222565044453722649e+01 5.000000000000000000e+00
-7.920431721802784208e-01 -3.121881843615150753e-01 7.318497062457685054e-01 5.000000000000000000e+00
-2.143108853466900499e+00 4.176166717368101189e+00 1.393681408218734674e+01 5.000000000000000000e+00
-1.519373860524314335e+00 -6.173367018118510741e-01 1.208897505686309337e+01 5.000000000000000000e+00
1.730745601328481431e+00 -8.370785218598838284e+00 3.560613800462075762e+00 5.000000000000000000e+00
3.024811304199696571e-01 -2.980986451696090000e+00 6.102908776079221553e+00 5.000000000000000000e+00
4.022736203676166689e+00 -2.873776487596004348e+00 8.329978832007116196e+00 5.000000000000000000e+00
6.714990939005309301e+00 -1.756043016407401236e+00 1.522101950831008921e+01 5.000000000000000000e+00
-4.190014074917118414e+00 -1.372710485892284726e+00 1.417395613959716982e+01 5.000000000000000000e+00
-9.881698050027122315e-01 -3.059017268286346458e-01 1.513181425763594667e+01 5.000000000000000000e+00
-2.301212636774192966e+00 -3.042523006504875838e-01 1.551930195707069515e+01 5.000000000000000000e+00
7.299273299446454866e-01 -1.713924092149086809e+00 1.326203725255074062e+01 5.000000000000000000e+00
-1.449471681223064135e+00 -2.669143591092850265e+00 7.903153155077680125e+00 5.000000000000000000e+00
-2.346224704837622348e-03 3.655204041633681733e+00 1.395674204474317115e+01 5.000000000000000000e+00
-1.139556675215165793e+00 1.702418875673047172e+00 4.981418619138753279e+00 5.000000000000000000e+00
-5.875073173640057433e-01 -1.056848520088215171e+00 1.741250752130705948e+01 5.000000000000000000e+00
-8.718883206174492528e-01 2.428723565008992225e+00 5.874449509951123360e+00 5.000000000000000000e+00
3.444800508623831192e-02 2.148688505967782270e+00 1.540541254895707546e+01 5.000000000000000000e+00
1.140492077692793371e+00 -1.845706622155645515e+00 3.218855581600050808e+00 5.000000000000000000e+00
6.453898538637763416e+00 1.392857400577709903e+00 1.681690299717324066e+01 5.000000000000000000e+00
-4.241867868661250540e+00 4.294880432753886979e+00 1.386227177894558515e+01 5.000000000000000000e+00
-6.035879569931276833e+00 2.815472438858166004e+00 1.265738376579668767e+01 5.000000000000000000e+00
2.183828485951461840e+00 2.326275018221732438e+00 1.286276765578024062e+01 5.000000000000000000e+00
1.379837638362577668e+00 -5.469585639523002030e+00 1.118952373702184211e+01 5.000000000000000000e+00
1.146744756392809261e+00 2.598169643422260755e+00 1.845359876480227967e+01 5.000000000000000000e+00
-1.287820139797143604e+00 5.870188774647966401e-02 3.682430631768949247e+00 5.000000000000000000e+00
3.344104251903811775e+00 -5.101875688115748986e+00 2.577925061111738803e+00 5.000000000000000000e+00
-4.497693878120866406e-01 -5.489219844005035043e+00 1.540573219243968062e+01 5.000000000000000000e+00
-1.834028025577610244e+00 4.168341051588200230e-01 8.257464526113467151e-01 5.000000000000000000e+00
-2.831203269878626028e-01 -4.476413969377079027e+00 1.762177341194031044e+01 5.000000000000000000e+00
2.535853000267158652e+00 -4.845631633436291441e-01 3.310240387391703010e+00 5.000000000000000000e+00
1.732207202977978477e+00 3.088759212314238667e+00 1.240587548307302157e+01 5.000000000000000000e+00
4.248883719532550174e+00 3.512015242963180572e+00 1.780856937744285773e+01 5.000000000000000000e+00
8.064268257424349329e-02 1.025491953608435036e+00 2.221010293698255644e+00 5.000000000000000000e+00
6.767085092235379795e-01 -9.346146772732987218e-01 1.834916992795303159e+01 5.000000000000000000e+00
5.352478431086707289e+00 -1.971964839369257705e+00 4.794632222778229647e+00 5.000000000000000000e+00
3.454998022805970681e+00 5.011185080489699573e+00 1.130457091568145778e+01 5.000000000000000000e+00
-1.396390386394315897e+00 5.619165172739431391e+00 1.758768628191854333e+01 5.000000000000000000e+00
4.269229140134321199e+00 -5.515590396228308379e+00 1.643861925799838275e+01 5.000000000000000000e+00
1.866337975462707384e-03 1.410874410446615990e+00 7.601380089328555911e+00 5.000000000000000000e+00
-2.534239643345874704e+00 -5.012317247517777297e+00 2.731735087653370808e+00 5.000000000000000000e+00
-1.249796961516848715e+00 6.628344050935850440e-01 1.550019911322268484e+01 5.000000000000000000e+00
-1.182956219317111923e+00 -1.447134432468051513e+00 1.578795213474204484e+00 5.000000000000000000e+00
3.112919662250956954e+00 -2.655047139492316410e-01 1.758546589448304687e+01 5.000000000000000000e+00
-3.181419852583720898e-02 3.527317262386483465e-01 1.073184937993903532e+01 5.000000000000000000e+00
1.225906789359360705e+00 1.297507815398560194e+00 8.340302278889829779e+00 5.000000000000000000e+00
1.704642942326765942e+00 -8.745227451996077095e-01 2.992144640340217432e+00 5.000000000000000000e+00
1.049116906006743566e+00 -9.784069118075667815e-01 1.063657546001929255e+01 5.000000000000000000e+00
-5.016311153390170752e+00 2.264265347821209140e+00 5.610365431920394386e+00 5.000000000000000000e+00
3.388080937477811805e+00 -3.122170928329043971e+00 1.806185135830418176e+00 5.000000000000000000e+00
-6.353849430797324338e+00 3.078496022862650783e+00 1.585169444585362974e+01 5.000000000000000000e+00
-3.973251358389983778e+00 -1.069687080731753781e+00 1.044178390651079091e+01 5.000000000000000000e+00
-1.550339511685528748e+00 1.152187792306470726e+00 1.608101027854410603e+01 5.000000000000000000e+00
2.291186182882728684e+00 -5.217982404715624689e+00 8.917877369729922066e+00 5.000000000000000000e+00
-1.150045577368776106e+00 -1.981211861244089878e+00 3.118324797227940426e+00 5.000000000000000000e+00
1.581640703052421548e+00 -2.418742218290197865e+00 1.264838084732576640e+01 5.000000000000000000e+00
-4.259210852484943688e-01 3.641535703943321156e+00 1.927692032066955008e+01 5.000000000000000000e+00
-3.184049995441210257e+00 2.421150414150320618e+00 5.790903302705792122e+00 5.000000000000000000e+00
-5.346237754229170136e+00 2.890511947516530178e+00 4.765351367609973465e+00 5.000000000000000000e+00
2.152963509942440457e+00 -1.364332718313635784e+00 1.384745694898299284e+01 5.000000000000000000e+00
-3.251900972438448001e+00 7.190459556703947541e-01 5.724069825999724692e+00 5.000000000000000000e+00
-4.528349286765658732e+00 2.621918610807543626e+00 1.688902999489536327e+01 5.000000000000000000e+00
-1.763829007777683699e+00 2.658984783125086349e+00 8.035978535993592686e+00 5.000000000000000000e+00
5.141168336942384398e-01 1.259438344227420958e-01 1.122156892971011999e+01 5.000000000000000000e+00
-5.218333761741132726e+00 -6.035576039039947993e+00 1.608201279116392257e+01 5.000000000000000000e+00
4.815277947479809084e-01 2.951032901517266493e-01 1.704186179485949282e+01 5.000000000000000000e+00
2.879248586051247116e+00 3.477575376697521925e+00 1.321206488003592128e+01 5.000000000000000000e+00
1.262366569943892625e+00 3.661735867292033486e+00 1.742028104896170149e+01 5.000000000000000000e+00
-6.087736474823901567e+00 -1.781237590404252558e+00 6.599038618512333976e+00 5.000000000000000000e+00
3.230302245697504127e+00 -2.090548719696309288e+00 1.991177552494209735e+01 5.000000000000000000e+00
-6.890328029679215760e+00 7.013788377898654003e-02 1.957885714845409453e+01 5.000000000000000000e+00
2.051460346618367403e+00 5.364052381239180489e-01 1.624714538191786062e+01 5.000000000000000000e+00
-3.096343223318401172e+00 3.825985804165628501e+00 5.376503197866700390e+00 5.000000000000000000e+00
-1.391945051494541286e+00 2.458940506975794138e-01 1.807804345690114900e+01 5.000000000000000000e+00
-6.920723061435205548e-01 3.273133539679357717e+00 8.906770029685072032e+00 5.000000000000000000e+00
2.510301874929363297e+00 -1.583667962881015079e+00 1.452744409290418481e+00 5.000000000000000000e+00
4.356141453145791487e-01 -3.617980068277597550e-01 7.861614334454831265e+00 5.000000000000000000e+00
3.300166694146728474e+00 1.323581872098974488e+00 9.611294066415950965e+00 5.000000000000000000e+00
-2.960005707716538037e+00 -5.933041238809837470e-01 1.893925846279731928e+01 5.000000000000000000e+00
6.846708041045990178e-01 7.007676594110427981e-01 9.927621927110298117e+00 5.000000000000000000e+00
-9.413011645163544827e-01 -5.998321564974645526e+00 1.886294640062934036e+01 5.000000000000000000e+00
-6.113012206232169010e-01 -6.273866215138865776e+00 1.218192178827112215e+01 5.000000000000000000e+00
-4.420387935437182225e-01 -2.734413653131195332e+00 9.417227243824479288e+00 5.000000000000000000e+00
-3.648578132677917640e-01 -8.350430721237919185e-01 1.788267871036538281e+01 5.000000000000000000e+00
-9.361233783678837295e-01 -1.711729148225719088e+00 9.854569922212101929e+00 5.000000000000000000e+00
2.239819529315923763e+00 -4.118145849549600390e-01 7.680840439075142356e+00 5.000000000000000000e+00
-4.970223337564070754e+00 2.252992659293088007e+00 4.354388186327263099e+00 5.000000000000000000e+00
-1.750760923938562641e+00 7.010069072849434590e+00 1.750464848622346281e+01 5.000000000000000000e+00
5.716507925302087401e+00 -1.365299799140136994e+00 5.894406498824289464e-01 5.000000000000000000e+00
-9.017266881767834752e-01 4.038072019638225818e+00 1.749433494585634907e+00 5.000000000000000000e+00
7.957008286416591858e+00 -1.469582661958502623e+00 1.821363807179591987e+01 5.000000000000000000e+00
3.410234906485315243e+00 2.476326908756217637e+00 1.112460029660857685e+01 5.000000000000000000e+00
1.658883105193886542e-01 -2.154602205850359553e+00 1.559061124191555692e+01 5.000000000000000000e+00
2.095440026618451412e+00 -5.557872003129548766e+00 9.790766865855440315e+00 5.000000000000000000e+00
4.554467327543015642e+00 -2.336288428414450724e+00 1.634178707295192012e+01 5.000000000000000000e+00
2.158741760675132682e+00 -2.472469475816681417e+00 3.361882270199267886e+00 5.000000000000000000e+00
1.405473636602569520e+00 6.529097001218691076e-01 8.719986177240613756e+00 5.000000000000000000e+00
-2.893225522592165255e+00 -4.285208102701242083e+00 1.290529872878005690e+01 5.000000000000000000e+00
-9.824898745466778549e-02 -3.767612058569739020e+00 1.264372185306289431e+01 5.000000000000000000e+00
3.593923100540274973e+00 -2.083172778405971926e+00 9.520075672484724194e+00 5.000000000000000000e+00
-5.167428583393257391e+00 -1.419408678523841338e+00 1.718042088716563143e+01 5.000000000000000000e+00
2.233338026163208312e+00 3.594767004663027565e-01 1.344563087350028319e+01 5.000000000000000000e+00
8.807571724946281488e-01 1.273793717163417938e+00 1.420340766975114377e+01 5.000000000000000000e+00
-3.949530801853794237e+00 1.953371227646821140e+00 1.207757677326772594e+01 5.000000000000000000e+00
3.470548608483884578e+00 1.208910000642846150e+00 1.655815108692349469e+01 5.000000000000000000e+00
2.555289536428577257e+00 3.447114027058155727e+00 1.960218985426402583e+01 5.000000000000000000e+00
-4.397291784052182351e+00 -1.268391203163232506e+00 1.941452543488105675e+01 5.000000000000000000e+00
8.978682014467862516e-01 -3.448982318709721828e-01 1.415537393808422806e+01 5.000000000000000000e+00
-6.865576383447105968e+00 3.548526312388143866e-01 8.988866936175005762e+00 5.000000000000000000e+00
